cell_line,split,name,estimator,embedding,primary_metric,L2,MSE,MAE,Spearman,Pearson,path
CVCL_0023,heldout_molecules,knn_baseline_ChemBERTa-77M-MLM,knn,ChemBERTa-77M-MLM,L2,5.938565064891627,0.0022736162612130486,0.018018726000018845,0.3409075185215095,0.40939133016967266,benchmark/benchmark/submissions_tahoe_lfc_heldout_molecules_fresh/expression/pert_prediction_tahoe_regression/CVCL_0023.heldout_molecules/2026-05-26T00-12-59.781302.json
CVCL_0023,heldout_molecules,knn_baseline_ChemBERTa-77M-MTR,knn,ChemBERTa-77M-MTR,L2,5.909001030055668,0.002275784730587469,0.017898659004002213,0.3475369294427753,0.41723911447328527,benchmark/benchmark/submissions_tahoe_lfc_heldout_molecules_fresh/expression/pert_prediction_tahoe_regression/CVCL_0023.heldout_molecules/2026-05-26T00-12-54.819436.json
CVCL_0023,heldout_molecules,knn_baseline_MiniMol,knn,MiniMol,L2,5.794186413136529,0.002197999271964044,0.017606632871995435,0.3729233219273454,0.45723440080627636,benchmark/benchmark/submissions_tahoe_lfc_heldout_molecules_fresh/expression/pert_prediction_tahoe_regression/CVCL_0023.heldout_molecules/2026-05-26T00-13-14.252324.json
CVCL_0023,heldout_molecules,knn_baseline_MolT5,knn,MolT5,L2,5.935996823949911,0.002274414668953433,0.017977413022203285,0.34408022602844923,0.41006116024595823,benchmark/benchmark/submissions_tahoe_lfc_heldout_molecules_fresh/expression/pert_prediction_tahoe_regression/CVCL_0023.heldout_molecules/2026-05-26T00-13-42.789536.json
CVCL_0023,heldout_molecules,knn_baseline_avalon,knn,avalon,L2,5.85926836352674,0.0022750711612118724,0.01773606888316592,0.35847206813688204,0.4312727690313159,benchmark/benchmark/submissions_tahoe_lfc_heldout_molecules_fresh/expression/pert_prediction_tahoe_regression/CVCL_0023.heldout_molecules/2026-05-26T00-13-49.756064.json
CVCL_0023,heldout_molecules,knn_baseline_boltz_affinity_pred_value_fragment,knn,boltz_affinity_pred_value_fragment,L2,5.864600336035282,0.002235417920342092,0.01777506374268652,0.36055837941309704,0.4345675788180573,benchmark/benchmark/submissions_tahoe_lfc_heldout_molecules_fresh/expression/pert_prediction_tahoe_regression/CVCL_0023.heldout_molecules/2026-05-26T00-13-17.613216.json
CVCL_0023,heldout_molecules,knn_baseline_boltz_affinity_pred_value_protein,knn,boltz_affinity_pred_value_protein,L2,5.877906700654754,0.002253172988656978,0.017819764656673932,0.3583895385461298,0.43080135734130626,benchmark/benchmark/submissions_tahoe_lfc_heldout_molecules_fresh/expression/pert_prediction_tahoe_regression/CVCL_0023.heldout_molecules/2026-05-26T00-13-42.703587.json
CVCL_0023,heldout_molecules,knn_baseline_chatgpt,knn,chatgpt,L2,5.894670840771842,0.002212548876894986,0.01800503282395507,0.3425093113168487,0.4262299033189891,benchmark/benchmark/submissions_tahoe_lfc_heldout_molecules_fresh/expression/pert_prediction_tahoe_regression/CVCL_0023.heldout_molecules/2026-05-26T00-13-00.474205.json
CVCL_0023,heldout_molecules,knn_baseline_ecfp:2,knn,ecfp:2,L2,5.858157558315033,0.0022641628998485252,0.01774459021677651,0.35890947857630773,0.4332801186308158,benchmark/benchmark/submissions_tahoe_lfc_heldout_molecules_fresh/expression/pert_prediction_tahoe_regression/CVCL_0023.heldout_molecules/2026-05-26T00-13-49.551832.json
CVCL_0023,heldout_molecules,knn_baseline_erg,knn,erg,L2,5.881845859696138,0.0022720584277022373,0.017835296963123252,0.3514251454459976,0.4241842875484418,benchmark/benchmark/submissions_tahoe_lfc_heldout_molecules_fresh/expression/pert_prediction_tahoe_regression/CVCL_0023.heldout_molecules/2026-05-26T00-13-42.396331.json
CVCL_0023,heldout_molecules,knn_baseline_maccs,knn,maccs,L2,5.871446390693338,0.0022593197237324963,0.017819809311216416,0.35558035361933343,0.4284060217980743,benchmark/benchmark/submissions_tahoe_lfc_heldout_molecules_fresh/expression/pert_prediction_tahoe_regression/CVCL_0023.heldout_molecules/2026-05-26T00-13-04.755539.json
CVCL_0023,heldout_molecules,knn_baseline_morgan_initialized_lpm,knn,morgan_initialized_lpm,L2,5.8779177492076435,0.0022978532852841937,0.017814569735881813,0.3493372488162099,0.4191850538117552,benchmark/benchmark/submissions_tahoe_lfc_heldout_molecules_fresh/expression/pert_prediction_tahoe_regression/CVCL_0023.heldout_molecules/2026-05-26T00-12-53.858496.json
CVCL_0023,heldout_molecules,knn_baseline_pca,knn,pca,L2,3.712698348747356,0.0011135162664797547,0.01169949868766654,0.6605521575248945,0.8190057831861843,benchmark/benchmark/submissions_tahoe_lfc_heldout_molecules_fresh/expression/pert_prediction_tahoe_regression/CVCL_0023.heldout_molecules/2026-05-26T00-12-54.344221.json
CVCL_0023,heldout_molecules,knn_baseline_random,knn,random,L2,5.907372625050867,0.002288574714490326,0.01789637819597974,0.3467790663453117,0.4169587265023564,benchmark/benchmark/submissions_tahoe_lfc_heldout_molecules_fresh/expression/pert_prediction_tahoe_regression/CVCL_0023.heldout_molecules/2026-05-26T00-12-54.082326.json
CVCL_0023,heldout_molecules,knn_baseline_secfp,knn,secfp,L2,5.86414270317069,0.002290532600695014,0.0177517959060577,0.3579067843323766,0.43193501535434414,benchmark/benchmark/submissions_tahoe_lfc_heldout_molecules_fresh/expression/pert_prediction_tahoe_regression/CVCL_0023.heldout_molecules/2026-05-26T00-13-43.906314.json
CVCL_0023,heldout_molecules,knn_baseline_topological,knn,topological,L2,5.896996903607492,0.002295799636008859,0.017872947257931465,0.34939409789864895,0.41882854029155037,benchmark/benchmark/submissions_tahoe_lfc_heldout_molecules_fresh/expression/pert_prediction_tahoe_regression/CVCL_0023.heldout_molecules/2026-05-26T00-13-11.678620.json
CVCL_0023,heldout_molecules,knn_baseline_unimol2-570m-H,knn,unimol2-570m-H,L2,5.912597962209965,0.0022727867814217526,0.01795240782077162,0.34624479030295957,0.41631961667222755,benchmark/benchmark/submissions_tahoe_lfc_heldout_molecules_fresh/expression/pert_prediction_tahoe_regression/CVCL_0023.heldout_molecules/2026-05-26T00-13-55.476622.json
CVCL_0023,heldout_molecules,lasso_baseline_ChemBERTa-77M-MLM,lasso,ChemBERTa-77M-MLM,L2,5.8621310328784295,0.002246951541530905,0.01775911077118582,0.3586897863538983,0.4324334689550444,benchmark/benchmark/submissions_tahoe_lfc_heldout_molecules_fresh/expression/pert_prediction_tahoe_regression/CVCL_0023.heldout_molecules/2026-05-26T00-13-15.189789.json
CVCL_0023,heldout_molecules,lasso_baseline_ChemBERTa-77M-MTR,lasso,ChemBERTa-77M-MTR,L2,5.855827728287629,0.002244568098062462,0.017748079693627086,0.3588376090490507,0.4353179985676365,benchmark/benchmark/submissions_tahoe_lfc_heldout_molecules_fresh/expression/pert_prediction_tahoe_regression/CVCL_0023.heldout_molecules/2026-05-26T00-13-08.527052.json
CVCL_0023,heldout_molecules,lasso_baseline_MiniMol,lasso,MiniMol,L2,5.847609407358711,0.00223941238030095,0.017735628061113243,0.3596662003075983,0.4377154558129695,benchmark/benchmark/submissions_tahoe_lfc_heldout_molecules_fresh/expression/pert_prediction_tahoe_regression/CVCL_0023.heldout_molecules/2026-05-26T00-13-25.816053.json
CVCL_0023,heldout_molecules,lasso_baseline_MolT5,lasso,MolT5,L2,5.88048279420907,0.0022551970866573315,0.0177940619190888,0.35700002910795786,0.42628338018628176,benchmark/benchmark/submissions_tahoe_lfc_heldout_molecules_fresh/expression/pert_prediction_tahoe_regression/CVCL_0023.heldout_molecules/2026-05-26T00-13-53.708715.json
CVCL_0023,heldout_molecules,lasso_baseline_avalon,lasso,avalon,L2,5.872281419775436,0.00224844841284796,0.017782448389092577,0.35793737696156147,0.4279414173433584,benchmark/benchmark/submissions_tahoe_lfc_heldout_molecules_fresh/expression/pert_prediction_tahoe_regression/CVCL_0023.heldout_molecules/2026-05-26T00-14-05.867969.json
CVCL_0023,heldout_molecules,lasso_baseline_boltz_affinity_pred_value_fragment,lasso,boltz_affinity_pred_value_fragment,L2,5.858907792296899,0.002248657172209151,0.017755407878024713,0.3587402090575136,0.4338898623378778,benchmark/benchmark/submissions_tahoe_lfc_heldout_molecules_fresh/expression/pert_prediction_tahoe_regression/CVCL_0023.heldout_molecules/2026-05-26T00-13-33.376909.json
CVCL_0023,heldout_molecules,lasso_baseline_boltz_affinity_pred_value_protein,lasso,boltz_affinity_pred_value_protein,L2,5.848015037653841,0.0022403058370245002,0.01774565799027819,0.3597393503318472,0.43886512673467715,benchmark/benchmark/submissions_tahoe_lfc_heldout_molecules_fresh/expression/pert_prediction_tahoe_regression/CVCL_0023.heldout_molecules/2026-05-26T00-13-57.649799.json
CVCL_0023,heldout_molecules,lasso_baseline_chatgpt,lasso,chatgpt,L2,5.823280479870313,0.0022151706653276296,0.017687162533569542,0.3616610881651823,0.4448494979672428,benchmark/benchmark/submissions_tahoe_lfc_heldout_molecules_fresh/expression/pert_prediction_tahoe_regression/CVCL_0023.heldout_molecules/2026-05-26T00-13-13.301808.json
CVCL_0023,heldout_molecules,lasso_baseline_ecfp:2,lasso,ecfp:2,L2,5.87534343599468,0.002257542677971656,0.017777790637095708,0.3582454069946463,0.4286465341685555,benchmark/benchmark/submissions_tahoe_lfc_heldout_molecules_fresh/expression/pert_prediction_tahoe_regression/CVCL_0023.heldout_molecules/2026-05-26T00-14-02.544951.json
CVCL_0023,heldout_molecules,lasso_baseline_erg,lasso,erg,L2,5.862001407605231,0.0022504340589576703,0.01775857594152981,0.35871607051136156,0.4328228724408335,benchmark/benchmark/submissions_tahoe_lfc_heldout_molecules_fresh/expression/pert_prediction_tahoe_regression/CVCL_0023.heldout_molecules/2026-05-26T00-13-56.828943.json
CVCL_0023,heldout_molecules,lasso_baseline_maccs,lasso,maccs,L2,5.86039089221605,0.002248150211618684,0.017757969210629863,0.3586551627116716,0.4334345213944674,benchmark/benchmark/submissions_tahoe_lfc_heldout_molecules_fresh/expression/pert_prediction_tahoe_regression/CVCL_0023.heldout_molecules/2026-05-26T00-13-20.715836.json
CVCL_0023,heldout_molecules,lasso_baseline_morgan_initialized_lpm,lasso,morgan_initialized_lpm,L2,5.965084078390163,0.002278005886013014,0.017874049954658185,0.35688603878021036,0.40476831713786976,benchmark/benchmark/submissions_tahoe_lfc_heldout_molecules_fresh/expression/pert_prediction_tahoe_regression/CVCL_0023.heldout_molecules/2026-05-26T00-13-08.273831.json
CVCL_0023,heldout_molecules,lasso_baseline_pca,lasso,pca,L2,2.5035756246835676,0.0005221810064501162,0.00905059072909577,0.6995844195982085,0.9146039941800143,benchmark/benchmark/submissions_tahoe_lfc_heldout_molecules_fresh/expression/pert_prediction_tahoe_regression/CVCL_0023.heldout_molecules/2026-05-26T00-13-14.807615.json
CVCL_0023,heldout_molecules,lasso_baseline_random,lasso,random,L2,5.862001407605231,0.0022504340589576703,0.01775857594152981,0.35871607051136156,0.4328228724408335,benchmark/benchmark/submissions_tahoe_lfc_heldout_molecules_fresh/expression/pert_prediction_tahoe_regression/CVCL_0023.heldout_molecules/2026-05-26T00-13-07.924472.json
CVCL_0023,heldout_molecules,lasso_baseline_secfp,lasso,secfp,L2,5.858821774230381,0.0022466768018132486,0.017753425023427874,0.35872797652104493,0.43349159755163613,benchmark/benchmark/submissions_tahoe_lfc_heldout_molecules_fresh/expression/pert_prediction_tahoe_regression/CVCL_0023.heldout_molecules/2026-05-26T00-13-58.434946.json
CVCL_0023,heldout_molecules,lasso_baseline_topological,lasso,topological,L2,5.867724034505601,0.0022502969787327786,0.01776282223654215,0.35854890603754214,0.43085849694590544,benchmark/benchmark/submissions_tahoe_lfc_heldout_molecules_fresh/expression/pert_prediction_tahoe_regression/CVCL_0023.heldout_molecules/2026-05-26T00-13-29.280190.json
CVCL_0023,heldout_molecules,lasso_baseline_unimol2-570m-H,lasso,unimol2-570m-H,L2,5.862409628233028,0.002250528183194647,0.017758676114745568,0.35867385873214314,0.432633839235095,benchmark/benchmark/submissions_tahoe_lfc_heldout_molecules_fresh/expression/pert_prediction_tahoe_regression/CVCL_0023.heldout_molecules/2026-05-26T00-14-07.709256.json
CVCL_0028,heldout_molecules,knn_baseline_ChemBERTa-77M-MLM,knn,ChemBERTa-77M-MLM,L2,6.04659209737063,0.0020976553055148035,0.02161435058294104,0.247475225548339,0.34061090559424095,benchmark/benchmark/submissions_tahoe_lfc_heldout_molecules_fresh/expression/pert_prediction_tahoe_regression/CVCL_0028.heldout_molecules/2026-05-26T00-14-33.867022.json
CVCL_0028,heldout_molecules,knn_baseline_ChemBERTa-77M-MTR,knn,ChemBERTa-77M-MTR,L2,5.994380431556811,0.002080505635465836,0.021406904214742943,0.2642889399411142,0.3613131663477588,benchmark/benchmark/submissions_tahoe_lfc_heldout_molecules_fresh/expression/pert_prediction_tahoe_regression/CVCL_0028.heldout_molecules/2026-05-26T00-14-33.949054.json
CVCL_0028,heldout_molecules,knn_baseline_MiniMol,knn,MiniMol,L2,5.914381314120526,0.002026831017813295,0.02113040472328006,0.2877924909128716,0.3897859065642996,benchmark/benchmark/submissions_tahoe_lfc_heldout_molecules_fresh/expression/pert_prediction_tahoe_regression/CVCL_0028.heldout_molecules/2026-05-26T00-14-39.770154.json
CVCL_0028,heldout_molecules,knn_baseline_MolT5,knn,MolT5,L2,6.025907093668769,0.0020918807067051843,0.021520836619124264,0.2553488916144933,0.34940590859165066,benchmark/benchmark/submissions_tahoe_lfc_heldout_molecules_fresh/expression/pert_prediction_tahoe_regression/CVCL_0028.heldout_molecules/2026-05-26T00-15-21.470974.json
CVCL_0028,heldout_molecules,knn_baseline_avalon,knn,avalon,L2,5.975665685866315,0.002097979458160981,0.021296726842341917,0.2718033257907123,0.3680986500940833,benchmark/benchmark/submissions_tahoe_lfc_heldout_molecules_fresh/expression/pert_prediction_tahoe_regression/CVCL_0028.heldout_molecules/2026-05-26T00-15-22.185245.json
CVCL_0028,heldout_molecules,knn_baseline_boltz_affinity_pred_value_fragment,knn,boltz_affinity_pred_value_fragment,L2,5.994218126979445,0.002084366256500356,0.02136036224571137,0.2728189417311179,0.36298952434829573,benchmark/benchmark/submissions_tahoe_lfc_heldout_molecules_fresh/expression/pert_prediction_tahoe_regression/CVCL_0028.heldout_molecules/2026-05-26T00-14-45.613460.json
CVCL_0028,heldout_molecules,knn_baseline_boltz_affinity_pred_value_protein,knn,boltz_affinity_pred_value_protein,L2,5.99210678404355,0.002089232038083066,0.021359773981016853,0.2715686135122485,0.36350180856930653,benchmark/benchmark/submissions_tahoe_lfc_heldout_molecules_fresh/expression/pert_prediction_tahoe_regression/CVCL_0028.heldout_molecules/2026-05-26T00-14-52.032171.json
CVCL_0028,heldout_molecules,knn_baseline_chatgpt,knn,chatgpt,L2,6.014337429667542,0.002056849687139817,0.02158727849346988,0.2511027900594122,0.35298577149307253,benchmark/benchmark/submissions_tahoe_lfc_heldout_molecules_fresh/expression/pert_prediction_tahoe_regression/CVCL_0028.heldout_molecules/2026-05-26T00-14-34.342338.json
CVCL_0028,heldout_molecules,knn_baseline_ecfp:2,knn,ecfp:2,L2,5.9851403187966685,0.0020924195202816336,0.0213616632321335,0.2663235440393408,0.36548284518353086,benchmark/benchmark/submissions_tahoe_lfc_heldout_molecules_fresh/expression/pert_prediction_tahoe_regression/CVCL_0028.heldout_molecules/2026-05-26T00-15-21.348052.json
CVCL_0028,heldout_molecules,knn_baseline_erg,knn,erg,L2,5.982322796927145,0.00208868200912501,0.021352153775838077,0.26790661855188386,0.36472951707975104,benchmark/benchmark/submissions_tahoe_lfc_heldout_molecules_fresh/expression/pert_prediction_tahoe_regression/CVCL_0028.heldout_molecules/2026-05-26T00-14-55.097433.json
CVCL_0028,heldout_molecules,knn_baseline_maccs,knn,maccs,L2,5.980916116691365,0.0020813074597793827,0.0213315540091259,0.27104895162766407,0.36375294902607597,benchmark/benchmark/submissions_tahoe_lfc_heldout_molecules_fresh/expression/pert_prediction_tahoe_regression/CVCL_0028.heldout_molecules/2026-05-26T00-14-33.459179.json
CVCL_0028,heldout_molecules,knn_baseline_morgan_initialized_lpm,knn,morgan_initialized_lpm,L2,6.010412952159178,0.0021330184555302927,0.021401953281716585,0.26356633062955503,0.3505078705568568,benchmark/benchmark/submissions_tahoe_lfc_heldout_molecules_fresh/expression/pert_prediction_tahoe_regression/CVCL_0028.heldout_molecules/2026-05-26T00-13-59.021598.json
CVCL_0028,heldout_molecules,knn_baseline_pca,knn,pca,L2,4.510841662950818,0.001252419649215029,0.016591456897877704,0.5609253587433208,0.7068391350929959,benchmark/benchmark/submissions_tahoe_lfc_heldout_molecules_fresh/expression/pert_prediction_tahoe_regression/CVCL_0028.heldout_molecules/2026-05-26T00-14-03.751081.json
CVCL_0028,heldout_molecules,knn_baseline_random,knn,random,L2,6.005398136911279,0.002087319396649492,0.021441814019856363,0.2589517697683337,0.3557693363763577,benchmark/benchmark/submissions_tahoe_lfc_heldout_molecules_fresh/expression/pert_prediction_tahoe_regression/CVCL_0028.heldout_molecules/2026-05-26T00-14-02.443793.json
CVCL_0028,heldout_molecules,knn_baseline_secfp,knn,secfp,L2,5.988524495557686,0.002125113921175109,0.021313849632043868,0.2693565414769635,0.36151403678137173,benchmark/benchmark/submissions_tahoe_lfc_heldout_molecules_fresh/expression/pert_prediction_tahoe_regression/CVCL_0028.heldout_molecules/2026-05-26T00-14-56.185280.json
CVCL_0028,heldout_molecules,knn_baseline_topological,knn,topological,L2,5.977592175961005,0.0021023861469248633,0.02129606889456826,0.2725808486537682,0.3673117227583659,benchmark/benchmark/submissions_tahoe_lfc_heldout_molecules_fresh/expression/pert_prediction_tahoe_regression/CVCL_0028.heldout_molecules/2026-05-26T00-14-40.758018.json
CVCL_0028,heldout_molecules,knn_baseline_unimol2-570m-H,knn,unimol2-570m-H,L2,6.015124827904003,0.00209107467682223,0.021460514192912835,0.2604171600299287,0.3525663827497403,benchmark/benchmark/submissions_tahoe_lfc_heldout_molecules_fresh/expression/pert_prediction_tahoe_regression/CVCL_0028.heldout_molecules/2026-05-26T00-15-21.804491.json
CVCL_0028,heldout_molecules,lasso_baseline_ChemBERTa-77M-MLM,lasso,ChemBERTa-77M-MLM,L2,5.968314243911783,0.0020735505278813224,0.021316247789449443,0.2692967580482579,0.37147946186825526,benchmark/benchmark/submissions_tahoe_lfc_heldout_molecules_fresh/expression/pert_prediction_tahoe_regression/CVCL_0028.heldout_molecules/2026-05-26T00-14-48.894745.json
CVCL_0028,heldout_molecules,lasso_baseline_ChemBERTa-77M-MTR,lasso,ChemBERTa-77M-MTR,L2,5.962467848951939,0.0020698303584716295,0.02130807675274134,0.26946876640228484,0.37412833178111776,benchmark/benchmark/submissions_tahoe_lfc_heldout_molecules_fresh/expression/pert_prediction_tahoe_regression/CVCL_0028.heldout_molecules/2026-05-26T00-14-48.438962.json
CVCL_0028,heldout_molecules,lasso_baseline_MiniMol,lasso,MiniMol,L2,5.961455549466028,0.002069993803068061,0.02130198231633833,0.27023356217388683,0.3743940283321856,benchmark/benchmark/submissions_tahoe_lfc_heldout_molecules_fresh/expression/pert_prediction_tahoe_regression/CVCL_0028.heldout_molecules/2026-05-26T00-14-52.928516.json
CVCL_0028,heldout_molecules,lasso_baseline_MolT5,lasso,MolT5,L2,5.974662984025501,0.002074650676804086,0.021328590907564362,0.2690014610287509,0.3685845589271878,benchmark/benchmark/submissions_tahoe_lfc_heldout_molecules_fresh/expression/pert_prediction_tahoe_regression/CVCL_0028.heldout_molecules/2026-05-26T00-15-32.643450.json
CVCL_0028,heldout_molecules,lasso_baseline_avalon,lasso,avalon,L2,5.962598264092939,0.002066596761152762,0.021293998876268982,0.2711707383098834,0.3723360518810091,benchmark/benchmark/submissions_tahoe_lfc_heldout_molecules_fresh/expression/pert_prediction_tahoe_regression/CVCL_0028.heldout_molecules/2026-05-26T00-15-37.151581.json
CVCL_0028,heldout_molecules,lasso_baseline_boltz_affinity_pred_value_fragment,lasso,boltz_affinity_pred_value_fragment,L2,5.966691901986249,0.002074515653251402,0.0213009440161687,0.2722384245167108,0.37325989346033717,benchmark/benchmark/submissions_tahoe_lfc_heldout_molecules_fresh/expression/pert_prediction_tahoe_regression/CVCL_0028.heldout_molecules/2026-05-26T00-15-02.626055.json
CVCL_0028,heldout_molecules,lasso_baseline_boltz_affinity_pred_value_protein,lasso,boltz_affinity_pred_value_protein,L2,5.968490828315286,0.002074612324759905,0.02130771380318757,0.27130762260425206,0.37233195638959615,benchmark/benchmark/submissions_tahoe_lfc_heldout_molecules_fresh/expression/pert_prediction_tahoe_regression/CVCL_0028.heldout_molecules/2026-05-26T00-15-07.229000.json
CVCL_0028,heldout_molecules,lasso_baseline_chatgpt,lasso,chatgpt,L2,5.926597424567822,0.00203958788115211,0.02122642467611983,0.27403592255850356,0.3863994767615427,benchmark/benchmark/submissions_tahoe_lfc_heldout_molecules_fresh/expression/pert_prediction_tahoe_regression/CVCL_0028.heldout_molecules/2026-05-26T00-14-45.739475.json
CVCL_0028,heldout_molecules,lasso_baseline_ecfp:2,lasso,ecfp:2,L2,5.971124251079169,0.0020757876880506043,0.02131981125061152,0.2692598073428471,0.37084887505672925,benchmark/benchmark/submissions_tahoe_lfc_heldout_molecules_fresh/expression/pert_prediction_tahoe_regression/CVCL_0028.heldout_molecules/2026-05-26T00-15-32.428600.json
CVCL_0028,heldout_molecules,lasso_baseline_erg,lasso,erg,L2,5.970824377689461,0.002075888447594735,0.021318314652348867,0.26919859711951655,0.3706154199211788,benchmark/benchmark/submissions_tahoe_lfc_heldout_molecules_fresh/expression/pert_prediction_tahoe_regression/CVCL_0028.heldout_molecules/2026-05-26T00-15-11.993744.json
CVCL_0028,heldout_molecules,lasso_baseline_maccs,lasso,maccs,L2,5.968292839889239,0.0020743675478066353,0.021315893619970373,0.269287638202547,0.3716908479758592,benchmark/benchmark/submissions_tahoe_lfc_heldout_molecules_fresh/expression/pert_prediction_tahoe_regression/CVCL_0028.heldout_molecules/2026-05-26T00-14-48.277806.json
CVCL_0028,heldout_molecules,lasso_baseline_morgan_initialized_lpm,lasso,morgan_initialized_lpm,L2,6.040909586472904,0.002120584533991235,0.021412524940594424,0.2673475342471687,0.3445271222384185,benchmark/benchmark/submissions_tahoe_lfc_heldout_molecules_fresh/expression/pert_prediction_tahoe_regression/CVCL_0028.heldout_molecules/2026-05-26T00-14-15.686866.json
CVCL_0028,heldout_molecules,lasso_baseline_pca,lasso,pca,L2,3.7333180709634153,0.0008153881673576815,0.01470418554385308,0.6006610539357464,0.7949862158900332,benchmark/benchmark/submissions_tahoe_lfc_heldout_molecules_fresh/expression/pert_prediction_tahoe_regression/CVCL_0028.heldout_molecules/2026-05-26T00-14-25.141145.json
CVCL_0028,heldout_molecules,lasso_baseline_random,lasso,random,L2,5.970824377689461,0.002075888447594735,0.021318314652348867,0.26919859711951655,0.3706154199211788,benchmark/benchmark/submissions_tahoe_lfc_heldout_molecules_fresh/expression/pert_prediction_tahoe_regression/CVCL_0028.heldout_molecules/2026-05-26T00-14-17.333027.json
CVCL_0028,heldout_molecules,lasso_baseline_secfp,lasso,secfp,L2,5.9664730389606735,0.0020724902271820112,0.02131323987228925,0.2694403407678835,0.3729941028935684,benchmark/benchmark/submissions_tahoe_lfc_heldout_molecules_fresh/expression/pert_prediction_tahoe_regression/CVCL_0028.heldout_molecules/2026-05-26T00-15-10.488046.json
CVCL_0028,heldout_molecules,lasso_baseline_topological,lasso,topological,L2,5.9739882224231815,0.0020763515557632095,0.021322500792733706,0.2691627112529802,0.3693207691574949,benchmark/benchmark/submissions_tahoe_lfc_heldout_molecules_fresh/expression/pert_prediction_tahoe_regression/CVCL_0028.heldout_molecules/2026-05-26T00-14-56.835990.json
CVCL_0028,heldout_molecules,lasso_baseline_unimol2-570m-H,lasso,unimol2-570m-H,L2,5.989611355868433,0.0020851808131644766,0.02135712842898195,0.26738784507319774,0.36230399776297345,benchmark/benchmark/submissions_tahoe_lfc_heldout_molecules_fresh/expression/pert_prediction_tahoe_regression/CVCL_0028.heldout_molecules/2026-05-26T00-15-32.718371.json
CVCL_0069,heldout_molecules,knn_baseline_ChemBERTa-77M-MLM,knn,ChemBERTa-77M-MLM,L2,5.310676813557277,0.0018237681272354558,0.017791009775404657,0.3262415690429513,0.45549491220695293,benchmark/benchmark/submissions_tahoe_lfc_heldout_molecules_fresh/expression/pert_prediction_tahoe_regression/CVCL_0069.heldout_molecules/2026-05-26T00-15-38.669154.json
CVCL_0069,heldout_molecules,knn_baseline_ChemBERTa-77M-MTR,knn,ChemBERTa-77M-MTR,L2,5.248253818427828,0.0018060938223982798,0.017572661722332437,0.3461198689393652,0.47948931372191894,benchmark/benchmark/submissions_tahoe_lfc_heldout_molecules_fresh/expression/pert_prediction_tahoe_regression/CVCL_0069.heldout_molecules/2026-05-26T00-15-37.451513.json
CVCL_0069,heldout_molecules,knn_baseline_MiniMol,knn,MiniMol,L2,5.18184042473402,0.0017665571758310322,0.017373165242135905,0.36606853290578995,0.5018105820462849,benchmark/benchmark/submissions_tahoe_lfc_heldout_molecules_fresh/expression/pert_prediction_tahoe_regression/CVCL_0069.heldout_molecules/2026-05-26T00-16-04.072266.json
CVCL_0069,heldout_molecules,knn_baseline_MolT5,knn,MolT5,L2,5.28459008280232,0.0018121896132027885,0.01769422665535932,0.33619038638383747,0.4660920697436427,benchmark/benchmark/submissions_tahoe_lfc_heldout_molecules_fresh/expression/pert_prediction_tahoe_regression/CVCL_0069.heldout_molecules/2026-05-26T00-16-21.023536.json
CVCL_0069,heldout_molecules,knn_baseline_avalon,knn,avalon,L2,5.226643370783807,0.0018087373831030984,0.017508625638042313,0.35197539720477655,0.4850379172402243,benchmark/benchmark/submissions_tahoe_lfc_heldout_molecules_fresh/expression/pert_prediction_tahoe_regression/CVCL_0069.heldout_molecules/2026-05-26T00-16-25.430114.json
CVCL_0069,heldout_molecules,knn_baseline_boltz_affinity_pred_value_fragment,knn,boltz_affinity_pred_value_fragment,L2,5.237255881977631,0.0017928006633407723,0.017528196526588213,0.35283946388191945,0.4834956492887828,benchmark/benchmark/submissions_tahoe_lfc_heldout_molecules_fresh/expression/pert_prediction_tahoe_regression/CVCL_0069.heldout_molecules/2026-05-26T00-16-04.392854.json
CVCL_0069,heldout_molecules,knn_baseline_boltz_affinity_pred_value_protein,knn,boltz_affinity_pred_value_protein,L2,5.243851846022629,0.001798241923331228,0.017551493762765907,0.3504314406435497,0.48191851874875874,benchmark/benchmark/submissions_tahoe_lfc_heldout_molecules_fresh/expression/pert_prediction_tahoe_regression/CVCL_0069.heldout_molecules/2026-05-26T00-16-10.189105.json
CVCL_0069,heldout_molecules,knn_baseline_chatgpt,knn,chatgpt,L2,5.264300053074159,0.0017884280734375218,0.017697840174385977,0.33273627970148356,0.47143322724546466,benchmark/benchmark/submissions_tahoe_lfc_heldout_molecules_fresh/expression/pert_prediction_tahoe_regression/CVCL_0069.heldout_molecules/2026-05-26T00-15-42.840773.json
CVCL_0069,heldout_molecules,knn_baseline_ecfp:2,knn,ecfp:2,L2,5.212683661482641,0.001790934704925148,0.017475099432855256,0.3537409169542019,0.48850836897847205,benchmark/benchmark/submissions_tahoe_lfc_heldout_molecules_fresh/expression/pert_prediction_tahoe_regression/CVCL_0069.heldout_molecules/2026-05-26T00-16-26.569539.json
CVCL_0069,heldout_molecules,knn_baseline_erg,knn,erg,L2,5.246422766613321,0.0018067747570956903,0.017581990201436602,0.3454191183720194,0.4787978042797634,benchmark/benchmark/submissions_tahoe_lfc_heldout_molecules_fresh/expression/pert_prediction_tahoe_regression/CVCL_0069.heldout_molecules/2026-05-26T00-16-15.592552.json
CVCL_0069,heldout_molecules,knn_baseline_maccs,knn,maccs,L2,5.228386624783051,0.0018042645815674286,0.017502249768087872,0.35385297208350247,0.4853611953009428,benchmark/benchmark/submissions_tahoe_lfc_heldout_molecules_fresh/expression/pert_prediction_tahoe_regression/CVCL_0069.heldout_molecules/2026-05-26T00-16-03.543335.json
CVCL_0069,heldout_molecules,knn_baseline_morgan_initialized_lpm,knn,morgan_initialized_lpm,L2,5.251222935160556,0.0018357832616961874,0.017573895080095072,0.34476238789910996,0.47072295148944254,benchmark/benchmark/submissions_tahoe_lfc_heldout_molecules_fresh/expression/pert_prediction_tahoe_regression/CVCL_0069.heldout_molecules/2026-05-26T00-15-26.682265.json
CVCL_0069,heldout_molecules,knn_baseline_pca,knn,pca,L2,3.690393910642147,0.0010532496600385972,0.012721879191910687,0.6263295300202557,0.7861715079115066,benchmark/benchmark/submissions_tahoe_lfc_heldout_molecules_fresh/expression/pert_prediction_tahoe_regression/CVCL_0069.heldout_molecules/2026-05-26T00-15-31.579655.json
CVCL_0069,heldout_molecules,knn_baseline_random,knn,random,L2,5.274339456972051,0.0018159556204391588,0.01766649235872419,0.3361352319704357,0.46913918047052006,benchmark/benchmark/submissions_tahoe_lfc_heldout_molecules_fresh/expression/pert_prediction_tahoe_regression/CVCL_0069.heldout_molecules/2026-05-26T00-15-27.130529.json
CVCL_0069,heldout_molecules,knn_baseline_secfp,knn,secfp,L2,5.230723790378799,0.001824846377229245,0.017504838005487192,0.3520254291952264,0.4824597871841115,benchmark/benchmark/submissions_tahoe_lfc_heldout_molecules_fresh/expression/pert_prediction_tahoe_regression/CVCL_0069.heldout_molecules/2026-05-26T00-16-11.859362.json
CVCL_0069,heldout_molecules,knn_baseline_topological,knn,topological,L2,5.2478722255880275,0.0018144557826679523,0.017573060975756942,0.34801688651818125,0.47997611802984524,benchmark/benchmark/submissions_tahoe_lfc_heldout_molecules_fresh/expression/pert_prediction_tahoe_regression/CVCL_0069.heldout_molecules/2026-05-26T00-16-05.035555.json
CVCL_0069,heldout_molecules,knn_baseline_unimol2-570m-H,knn,unimol2-570m-H,L2,5.279720430874148,0.0018141408336268823,0.017675970340381413,0.337612695265773,0.4669525108350705,benchmark/benchmark/submissions_tahoe_lfc_heldout_molecules_fresh/expression/pert_prediction_tahoe_regression/CVCL_0069.heldout_molecules/2026-05-26T00-16-50.934512.json
CVCL_0069,heldout_molecules,lasso_baseline_ChemBERTa-77M-MLM,lasso,ChemBERTa-77M-MLM,L2,5.23033881209934,0.001797571688530274,0.017519863558622218,0.3488300882995189,0.4841805131422564,benchmark/benchmark/submissions_tahoe_lfc_heldout_molecules_fresh/expression/pert_prediction_tahoe_regression/CVCL_0069.heldout_molecules/2026-05-26T00-15-53.248559.json
CVCL_0069,heldout_molecules,lasso_baseline_ChemBERTa-77M-MTR,lasso,ChemBERTa-77M-MTR,L2,5.225519617799641,0.001793915884902052,0.017511166798482154,0.3488991301215938,0.4864314307620045,benchmark/benchmark/submissions_tahoe_lfc_heldout_molecules_fresh/expression/pert_prediction_tahoe_regression/CVCL_0069.heldout_molecules/2026-05-26T00-15-52.906744.json
CVCL_0069,heldout_molecules,lasso_baseline_MiniMol,lasso,MiniMol,L2,5.218042890242284,0.0017899234456115881,0.017494995065603102,0.350051366725236,0.4893704935031476,benchmark/benchmark/submissions_tahoe_lfc_heldout_molecules_fresh/expression/pert_prediction_tahoe_regression/CVCL_0069.heldout_molecules/2026-05-26T00-16-15.089907.json
CVCL_0069,heldout_molecules,lasso_baseline_MolT5,lasso,MolT5,L2,5.227049008677935,0.0017926547787701689,0.017515443821369953,0.3490703585636829,0.4853919854723053,benchmark/benchmark/submissions_tahoe_lfc_heldout_molecules_fresh/expression/pert_prediction_tahoe_regression/CVCL_0069.heldout_molecules/2026-05-26T00-16-33.539380.json
CVCL_0069,heldout_molecules,lasso_baseline_avalon,lasso,avalon,L2,5.228173233861263,0.0017935671870842748,0.01751416942861616,0.3495132729794806,0.48522674382853265,benchmark/benchmark/submissions_tahoe_lfc_heldout_molecules_fresh/expression/pert_prediction_tahoe_regression/CVCL_0069.heldout_molecules/2026-05-26T00-16-41.218905.json
CVCL_0069,heldout_molecules,lasso_baseline_boltz_affinity_pred_value_fragment,lasso,boltz_affinity_pred_value_fragment,L2,5.223939376639377,0.001793391108723727,0.017500819178343275,0.3509116409876225,0.48849111304474624,benchmark/benchmark/submissions_tahoe_lfc_heldout_molecules_fresh/expression/pert_prediction_tahoe_regression/CVCL_0069.heldout_molecules/2026-05-26T00-16-19.430166.json
CVCL_0069,heldout_molecules,lasso_baseline_boltz_affinity_pred_value_protein,lasso,boltz_affinity_pred_value_protein,L2,5.227515880102268,0.0017949915585612419,0.017514039861824714,0.3499786832594993,0.4873708576541469,benchmark/benchmark/submissions_tahoe_lfc_heldout_molecules_fresh/expression/pert_prediction_tahoe_regression/CVCL_0069.heldout_molecules/2026-05-26T00-16-26.525403.json
CVCL_0069,heldout_molecules,lasso_baseline_chatgpt,lasso,chatgpt,L2,5.191124176560087,0.001771160074823738,0.017439848781088844,0.3529436632214863,0.4980918598318381,benchmark/benchmark/submissions_tahoe_lfc_heldout_molecules_fresh/expression/pert_prediction_tahoe_regression/CVCL_0069.heldout_molecules/2026-05-26T00-15-55.006519.json
CVCL_0069,heldout_molecules,lasso_baseline_ecfp:2,lasso,ecfp:2,L2,5.233908319294982,0.0018000069975874738,0.017524765141955292,0.34860263214859116,0.48332875845442347,benchmark/benchmark/submissions_tahoe_lfc_heldout_molecules_fresh/expression/pert_prediction_tahoe_regression/CVCL_0069.heldout_molecules/2026-05-26T00-16-38.654417.json
CVCL_0069,heldout_molecules,lasso_baseline_erg,lasso,erg,L2,5.232713959767692,0.001799188502137993,0.01752163493707367,0.34864979695359194,0.4835495549407925,benchmark/benchmark/submissions_tahoe_lfc_heldout_molecules_fresh/expression/pert_prediction_tahoe_regression/CVCL_0069.heldout_molecules/2026-05-26T00-16-32.781319.json
CVCL_0069,heldout_molecules,lasso_baseline_maccs,lasso,maccs,L2,5.229948634724699,0.0017978387746419014,0.017519120558740515,0.34878864990986275,0.4844471343787935,benchmark/benchmark/submissions_tahoe_lfc_heldout_molecules_fresh/expression/pert_prediction_tahoe_regression/CVCL_0069.heldout_molecules/2026-05-26T00-16-18.036282.json
CVCL_0069,heldout_molecules,lasso_baseline_morgan_initialized_lpm,lasso,morgan_initialized_lpm,L2,5.301306806665905,0.0018224889383398077,0.0175741584974103,0.35097582118592563,0.4610466830851533,benchmark/benchmark/submissions_tahoe_lfc_heldout_molecules_fresh/expression/pert_prediction_tahoe_regression/CVCL_0069.heldout_molecules/2026-05-26T00-15-42.737530.json
CVCL_0069,heldout_molecules,lasso_baseline_pca,lasso,pca,L2,2.680611833909074,0.0004966010141682263,0.010299062735928828,0.6717699185611505,0.8807248861076232,benchmark/benchmark/submissions_tahoe_lfc_heldout_molecules_fresh/expression/pert_prediction_tahoe_regression/CVCL_0069.heldout_molecules/2026-05-26T00-15-53.050665.json
CVCL_0069,heldout_molecules,lasso_baseline_random,lasso,random,L2,5.232713959767692,0.001799188502137993,0.01752163493707367,0.34864979695359194,0.4835495549407925,benchmark/benchmark/submissions_tahoe_lfc_heldout_molecules_fresh/expression/pert_prediction_tahoe_regression/CVCL_0069.heldout_molecules/2026-05-26T00-15-42.689509.json
CVCL_0069,heldout_molecules,lasso_baseline_secfp,lasso,secfp,L2,5.327513941695619,0.0018336204978166956,0.017715745367328624,0.3477578662044386,0.46428277966899734,benchmark/benchmark/submissions_tahoe_lfc_heldout_molecules_fresh/expression/pert_prediction_tahoe_regression/CVCL_0069.heldout_molecules/2026-05-26T00-16-28.298927.json
CVCL_0069,heldout_molecules,lasso_baseline_topological,lasso,topological,L2,5.232713959767692,0.001799188502137993,0.01752163493707367,0.34864979695359194,0.4835495549407925,benchmark/benchmark/submissions_tahoe_lfc_heldout_molecules_fresh/expression/pert_prediction_tahoe_regression/CVCL_0069.heldout_molecules/2026-05-26T00-16-19.847091.json
CVCL_0069,heldout_molecules,lasso_baseline_unimol2-570m-H,lasso,unimol2-570m-H,L2,5.232627198120356,0.0017990671610633058,0.017521461890587748,0.3486501435209109,0.4835857861007105,benchmark/benchmark/submissions_tahoe_lfc_heldout_molecules_fresh/expression/pert_prediction_tahoe_regression/CVCL_0069.heldout_molecules/2026-05-26T00-17-01.458023.json
CVCL_0099,heldout_molecules,knn_baseline_ChemBERTa-77M-MLM,knn,ChemBERTa-77M-MLM,L2,5.351205437106542,0.0019033510331825283,0.01741960540510082,0.2936475819827389,0.4307481133468155,benchmark/benchmark/submissions_tahoe_lfc_heldout_molecules_fresh/expression/pert_prediction_tahoe_regression/CVCL_0099.heldout_molecules/2026-05-26T00-16-56.178740.json
CVCL_0099,heldout_molecules,knn_baseline_ChemBERTa-77M-MTR,knn,ChemBERTa-77M-MTR,L2,5.298509313135861,0.0018865749696330453,0.017222358348595694,0.3099113726840589,0.4489493297351815,benchmark/benchmark/submissions_tahoe_lfc_heldout_molecules_fresh/expression/pert_prediction_tahoe_regression/CVCL_0099.heldout_molecules/2026-05-26T00-16-55.010116.json
CVCL_0099,heldout_molecules,knn_baseline_MiniMol,knn,MiniMol,L2,5.217509919443934,0.0018365861566484564,0.016962726430579257,0.3316932619263289,0.4736692392899266,benchmark/benchmark/submissions_tahoe_lfc_heldout_molecules_fresh/expression/pert_prediction_tahoe_regression/CVCL_0099.heldout_molecules/2026-05-26T00-17-11.654307.json
CVCL_0099,heldout_molecules,knn_baseline_MolT5,knn,MolT5,L2,5.307343718005328,0.0018808897350413947,0.017262814588230264,0.30700000512653774,0.44609045584124185,benchmark/benchmark/submissions_tahoe_lfc_heldout_molecules_fresh/expression/pert_prediction_tahoe_regression/CVCL_0099.heldout_molecules/2026-05-26T00-17-41.596312.json
CVCL_0099,heldout_molecules,knn_baseline_avalon,knn,avalon,L2,5.270459246212894,0.001894807994620728,0.017083544423927507,0.3236399838677313,0.45916148496417447,benchmark/benchmark/submissions_tahoe_lfc_heldout_molecules_fresh/expression/pert_prediction_tahoe_regression/CVCL_0099.heldout_molecules/2026-05-26T00-17-43.479730.json
CVCL_0099,heldout_molecules,knn_baseline_boltz_affinity_pred_value_fragment,knn,boltz_affinity_pred_value_fragment,L2,5.270336211877453,0.0018696599603306174,0.01710081433281775,0.32430190645312823,0.4614586343835064,benchmark/benchmark/submissions_tahoe_lfc_heldout_molecules_fresh/expression/pert_prediction_tahoe_regression/CVCL_0099.heldout_molecules/2026-05-26T00-17-35.868060.json
CVCL_0099,heldout_molecules,knn_baseline_boltz_affinity_pred_value_protein,knn,boltz_affinity_pred_value_protein,L2,5.2771199954343855,0.0018777758554834616,0.01713510583964668,0.3210947163854701,0.4599219703278745,benchmark/benchmark/submissions_tahoe_lfc_heldout_molecules_fresh/expression/pert_prediction_tahoe_regression/CVCL_0099.heldout_molecules/2026-05-26T00-17-35.915173.json
CVCL_0099,heldout_molecules,knn_baseline_chatgpt,knn,chatgpt,L2,5.304062034270071,0.0018598828758896219,0.01737464945166888,0.29598369586096374,0.4448126867487114,benchmark/benchmark/submissions_tahoe_lfc_heldout_molecules_fresh/expression/pert_prediction_tahoe_regression/CVCL_0099.heldout_molecules/2026-05-26T00-17-00.594109.json
CVCL_0099,heldout_molecules,knn_baseline_ecfp:2,knn,ecfp:2,L2,5.277978911450688,0.0018926538545384478,0.01713360280880334,0.31742522909910786,0.45699056532250715,benchmark/benchmark/submissions_tahoe_lfc_heldout_molecules_fresh/expression/pert_prediction_tahoe_regression/CVCL_0099.heldout_molecules/2026-05-26T00-17-47.608033.json
CVCL_0099,heldout_molecules,knn_baseline_erg,knn,erg,L2,5.271940358463653,0.0018795526472878143,0.017135660516047344,0.3177635290850938,0.45821501064101544,benchmark/benchmark/submissions_tahoe_lfc_heldout_molecules_fresh/expression/pert_prediction_tahoe_regression/CVCL_0099.heldout_molecules/2026-05-26T00-17-35.150059.json
CVCL_0099,heldout_molecules,knn_baseline_maccs,knn,maccs,L2,5.278770042701482,0.0018845956036281232,0.017127920085140066,0.3200692070138277,0.45595798527637094,benchmark/benchmark/submissions_tahoe_lfc_heldout_molecules_fresh/expression/pert_prediction_tahoe_regression/CVCL_0099.heldout_molecules/2026-05-26T00-17-05.923873.json
CVCL_0099,heldout_molecules,knn_baseline_morgan_initialized_lpm,knn,morgan_initialized_lpm,L2,5.30327191085797,0.0019189180986260834,0.017184618891419673,0.3128774669068062,0.4403348971012798,benchmark/benchmark/submissions_tahoe_lfc_heldout_molecules_fresh/expression/pert_prediction_tahoe_regression/CVCL_0099.heldout_molecules/2026-05-26T00-16-49.785137.json
CVCL_0099,heldout_molecules,knn_baseline_pca,knn,pca,L2,3.8505879930094324,0.0011334059291475606,0.0129367761631916,0.5864319690620872,0.7623773606992964,benchmark/benchmark/submissions_tahoe_lfc_heldout_molecules_fresh/expression/pert_prediction_tahoe_regression/CVCL_0099.heldout_molecules/2026-05-26T00-16-50.137614.json
CVCL_0099,heldout_molecules,knn_baseline_random,knn,random,L2,5.296438774633058,0.0018850987017546349,0.017220116863697628,0.30832513350209373,0.4497936013830104,benchmark/benchmark/submissions_tahoe_lfc_heldout_molecules_fresh/expression/pert_prediction_tahoe_regression/CVCL_0099.heldout_molecules/2026-05-26T00-16-49.053743.json
CVCL_0099,heldout_molecules,knn_baseline_secfp,knn,secfp,L2,5.289215880503499,0.001927596223949386,0.017110589316502053,0.32233716363971304,0.455688243738198,benchmark/benchmark/submissions_tahoe_lfc_heldout_molecules_fresh/expression/pert_prediction_tahoe_regression/CVCL_0099.heldout_molecules/2026-05-26T00-17-36.216341.json
CVCL_0099,heldout_molecules,knn_baseline_topological,knn,topological,L2,5.2773724272829625,0.001903858225394717,0.01710310660316198,0.32202695175020757,0.4585243648455199,benchmark/benchmark/submissions_tahoe_lfc_heldout_molecules_fresh/expression/pert_prediction_tahoe_regression/CVCL_0099.heldout_molecules/2026-05-26T00-17-10.940403.json
CVCL_0099,heldout_molecules,knn_baseline_unimol2-570m-H,knn,unimol2-570m-H,L2,5.314259589684735,0.0018933339830448526,0.017245677152728494,0.3084344545464163,0.44308305328021524,benchmark/benchmark/submissions_tahoe_lfc_heldout_molecules_fresh/expression/pert_prediction_tahoe_regression/CVCL_0099.heldout_molecules/2026-05-26T00-17-54.317023.json
CVCL_0099,heldout_molecules,lasso_baseline_ChemBERTa-77M-MLM,lasso,ChemBERTa-77M-MLM,L2,5.272599156880993,0.0018799949882379885,0.017131188534288685,0.31605128393771015,0.45846749282613364,benchmark/benchmark/submissions_tahoe_lfc_heldout_molecules_fresh/expression/pert_prediction_tahoe_regression/CVCL_0099.heldout_molecules/2026-05-26T00-17-12.232537.json
CVCL_0099,heldout_molecules,lasso_baseline_ChemBERTa-77M-MTR,lasso,ChemBERTa-77M-MTR,L2,5.266605014902925,0.0018763409413573174,0.017124596430955676,0.31630291584167225,0.4608095476980707,benchmark/benchmark/submissions_tahoe_lfc_heldout_molecules_fresh/expression/pert_prediction_tahoe_regression/CVCL_0099.heldout_molecules/2026-05-26T00-17-11.411888.json
CVCL_0099,heldout_molecules,lasso_baseline_MiniMol,lasso,MiniMol,L2,5.25551924309374,0.001871556337859749,0.017105935362795224,0.3169178907083577,0.46393706133778645,benchmark/benchmark/submissions_tahoe_lfc_heldout_molecules_fresh/expression/pert_prediction_tahoe_regression/CVCL_0099.heldout_molecules/2026-05-26T00-17-25.873166.json
CVCL_0099,heldout_molecules,lasso_baseline_MolT5,lasso,MolT5,L2,5.265850932910012,0.0018704662582100062,0.017120652160316847,0.3166315127383411,0.45974116289608435,benchmark/benchmark/submissions_tahoe_lfc_heldout_molecules_fresh/expression/pert_prediction_tahoe_regression/CVCL_0099.heldout_molecules/2026-05-26T00-17-54.753384.json
CVCL_0099,heldout_molecules,lasso_baseline_avalon,lasso,avalon,L2,5.262051367900312,0.0018676180652521797,0.0171156017541942,0.31686009019170996,0.4608847902695371,benchmark/benchmark/submissions_tahoe_lfc_heldout_molecules_fresh/expression/pert_prediction_tahoe_regression/CVCL_0099.heldout_molecules/2026-05-26T00-17-59.649847.json
CVCL_0099,heldout_molecules,lasso_baseline_boltz_affinity_pred_value_fragment,lasso,boltz_affinity_pred_value_fragment,L2,5.255373863917703,0.0018725867930441933,0.017090077913188312,0.31970082507504766,0.4667161054514193,benchmark/benchmark/submissions_tahoe_lfc_heldout_molecules_fresh/expression/pert_prediction_tahoe_regression/CVCL_0099.heldout_molecules/2026-05-26T00-17-50.343765.json
CVCL_0099,heldout_molecules,lasso_baseline_boltz_affinity_pred_value_protein,lasso,boltz_affinity_pred_value_protein,L2,5.258904746370481,0.0018746051600594359,0.017103610372234828,0.318442542998286,0.46461833543252795,benchmark/benchmark/submissions_tahoe_lfc_heldout_molecules_fresh/expression/pert_prediction_tahoe_regression/CVCL_0099.heldout_molecules/2026-05-26T00-17-50.852707.json
CVCL_0099,heldout_molecules,lasso_baseline_chatgpt,lasso,chatgpt,L2,5.225451952533495,0.0018472347247939509,0.01704813306839457,0.31911761655381277,0.47109051113417,benchmark/benchmark/submissions_tahoe_lfc_heldout_molecules_fresh/expression/pert_prediction_tahoe_regression/CVCL_0099.heldout_molecules/2026-05-26T00-17-14.717618.json
CVCL_0099,heldout_molecules,lasso_baseline_ecfp:2,lasso,ecfp:2,L2,5.277964686728007,0.0018839044847785336,0.017138658296367053,0.31606790529333356,0.4572987301890425,benchmark/benchmark/submissions_tahoe_lfc_heldout_molecules_fresh/expression/pert_prediction_tahoe_regression/CVCL_0099.heldout_molecules/2026-05-26T00-18-01.574671.json
CVCL_0099,heldout_molecules,lasso_baseline_erg,lasso,erg,L2,5.274405783787155,0.0018832362195790376,0.017133706234452272,0.3160419754366228,0.4580730072741565,benchmark/benchmark/submissions_tahoe_lfc_heldout_molecules_fresh/expression/pert_prediction_tahoe_regression/CVCL_0099.heldout_molecules/2026-05-26T00-17-49.233700.json
CVCL_0099,heldout_molecules,lasso_baseline_maccs,lasso,maccs,L2,5.270797659862432,0.0018805185237641456,0.017130928018807355,0.31615556572320025,0.4595078373074718,benchmark/benchmark/submissions_tahoe_lfc_heldout_molecules_fresh/expression/pert_prediction_tahoe_regression/CVCL_0099.heldout_molecules/2026-05-26T00-17-21.740499.json
CVCL_0099,heldout_molecules,lasso_baseline_morgan_initialized_lpm,lasso,morgan_initialized_lpm,L2,5.329603256080284,0.0018849075175026333,0.017135789468713122,0.3191841955788604,0.43726152417312736,benchmark/benchmark/submissions_tahoe_lfc_heldout_molecules_fresh/expression/pert_prediction_tahoe_regression/CVCL_0099.heldout_molecules/2026-05-26T00-17-04.184468.json
CVCL_0099,heldout_molecules,lasso_baseline_pca,lasso,pca,L2,2.8482034741708864,0.0005321639555055914,0.010678046009043764,0.6219855199643123,0.8555120268863944,benchmark/benchmark/submissions_tahoe_lfc_heldout_molecules_fresh/expression/pert_prediction_tahoe_regression/CVCL_0099.heldout_molecules/2026-05-26T00-17-09.298932.json
CVCL_0099,heldout_molecules,lasso_baseline_random,lasso,random,L2,5.274405783787155,0.0018832362195790376,0.017133706234452272,0.3160419754366228,0.4580730072741565,benchmark/benchmark/submissions_tahoe_lfc_heldout_molecules_fresh/expression/pert_prediction_tahoe_regression/CVCL_0099.heldout_molecules/2026-05-26T00-17-03.685537.json
CVCL_0099,heldout_molecules,lasso_baseline_secfp,lasso,secfp,L2,5.2717821135272365,0.0018805316810525936,0.01712951546527023,0.3162227875928396,0.45942836264850784,benchmark/benchmark/submissions_tahoe_lfc_heldout_molecules_fresh/expression/pert_prediction_tahoe_regression/CVCL_0099.heldout_molecules/2026-05-26T00-17-50.853097.json
CVCL_0099,heldout_molecules,lasso_baseline_topological,lasso,topological,L2,5.272221420144889,0.0018775862494906604,0.017132571684370778,0.3161870658403892,0.4589226949025111,benchmark/benchmark/submissions_tahoe_lfc_heldout_molecules_fresh/expression/pert_prediction_tahoe_regression/CVCL_0099.heldout_molecules/2026-05-26T00-17-25.857383.json
CVCL_0099,heldout_molecules,lasso_baseline_unimol2-570m-H,lasso,unimol2-570m-H,L2,5.279319478626895,0.001881687241041906,0.01714503722173806,0.31577410619997104,0.45544073355324843,benchmark/benchmark/submissions_tahoe_lfc_heldout_molecules_fresh/expression/pert_prediction_tahoe_regression/CVCL_0099.heldout_molecules/2026-05-26T00-18-06.852564.json
CVCL_0131,heldout_molecules,knn_baseline_ChemBERTa-77M-MLM,knn,ChemBERTa-77M-MLM,L2,5.834546157340282,0.0022081154741744194,0.01887994095149561,0.3599955195789984,0.46926762739298566,benchmark/benchmark/submissions_tahoe_lfc_heldout_molecules_fresh/expression/pert_prediction_tahoe_regression/CVCL_0131.heldout_molecules/2026-05-26T00-18-22.156919.json
CVCL_0131,heldout_molecules,knn_baseline_ChemBERTa-77M-MTR,knn,ChemBERTa-77M-MTR,L2,5.753548589483273,0.0021807844580539575,0.018613739108651956,0.3762542157225377,0.4940697222157558,benchmark/benchmark/submissions_tahoe_lfc_heldout_molecules_fresh/expression/pert_prediction_tahoe_regression/CVCL_0131.heldout_molecules/2026-05-26T00-18-22.611406.json
CVCL_0131,heldout_molecules,knn_baseline_MiniMol,knn,MiniMol,L2,5.690634246556121,0.002138711302555586,0.018442422385492013,0.390375440514656,0.5121659076905598,benchmark/benchmark/submissions_tahoe_lfc_heldout_molecules_fresh/expression/pert_prediction_tahoe_regression/CVCL_0131.heldout_molecules/2026-05-26T00-18-32.827735.json
CVCL_0131,heldout_molecules,knn_baseline_MolT5,knn,MolT5,L2,5.817011593418463,0.0022015787096879057,0.018819142927003842,0.3638722854551461,0.47515878295015596,benchmark/benchmark/submissions_tahoe_lfc_heldout_molecules_fresh/expression/pert_prediction_tahoe_regression/CVCL_0131.heldout_molecules/2026-05-26T00-19-11.359955.json
CVCL_0131,heldout_molecules,knn_baseline_avalon,knn,avalon,L2,5.751029279837221,0.0022066251524801733,0.01858174170660438,0.37668605770359864,0.49481925361481854,benchmark/benchmark/submissions_tahoe_lfc_heldout_molecules_fresh/expression/pert_prediction_tahoe_regression/CVCL_0131.heldout_molecules/2026-05-26T00-19-12.728894.json
CVCL_0131,heldout_molecules,knn_baseline_boltz_affinity_pred_value_fragment,knn,boltz_affinity_pred_value_fragment,L2,5.751008449182368,0.002171877440167743,0.018608392055616728,0.38000372926633935,0.49846473628066273,benchmark/benchmark/submissions_tahoe_lfc_heldout_molecules_fresh/expression/pert_prediction_tahoe_regression/CVCL_0131.heldout_molecules/2026-05-26T00-18-38.961216.json
CVCL_0131,heldout_molecules,knn_baseline_boltz_affinity_pred_value_protein,knn,boltz_affinity_pred_value_protein,L2,5.773212861286676,0.0021905795291665385,0.018678311308444953,0.37533226201281333,0.49281260530212956,benchmark/benchmark/submissions_tahoe_lfc_heldout_molecules_fresh/expression/pert_prediction_tahoe_regression/CVCL_0131.heldout_molecules/2026-05-26T00-18-42.768754.json
CVCL_0131,heldout_molecules,knn_baseline_chatgpt,knn,chatgpt,L2,5.775315020106788,0.002149696196858109,0.0187356328322202,0.3673005432037527,0.48442155978492113,benchmark/benchmark/submissions_tahoe_lfc_heldout_molecules_fresh/expression/pert_prediction_tahoe_regression/CVCL_0131.heldout_molecules/2026-05-26T00-18-22.864157.json
CVCL_0131,heldout_molecules,knn_baseline_ecfp:2,knn,ecfp:2,L2,5.739351570161461,0.0021900853227039994,0.01858717745725459,0.3763547302717935,0.49949288937284514,benchmark/benchmark/submissions_tahoe_lfc_heldout_molecules_fresh/expression/pert_prediction_tahoe_regression/CVCL_0131.heldout_molecules/2026-05-26T00-19-12.378080.json
CVCL_0131,heldout_molecules,knn_baseline_erg,knn,erg,L2,5.7493602711573715,0.002186664040812702,0.018618734039378207,0.37571760685308053,0.4961511398064051,benchmark/benchmark/submissions_tahoe_lfc_heldout_molecules_fresh/expression/pert_prediction_tahoe_regression/CVCL_0131.heldout_molecules/2026-05-26T00-19-11.566625.json
CVCL_0131,heldout_molecules,knn_baseline_maccs,knn,maccs,L2,5.759971682088114,0.0021985217479660694,0.018640708442921657,0.3760293389411086,0.493335872481811,benchmark/benchmark/submissions_tahoe_lfc_heldout_molecules_fresh/expression/pert_prediction_tahoe_regression/CVCL_0131.heldout_molecules/2026-05-26T00-18-27.311621.json
CVCL_0131,heldout_molecules,knn_baseline_morgan_initialized_lpm,knn,morgan_initialized_lpm,L2,5.7665371233737925,0.002222296416353786,0.018644775398412892,0.3717063619111063,0.4868411450307061,benchmark/benchmark/submissions_tahoe_lfc_heldout_molecules_fresh/expression/pert_prediction_tahoe_regression/CVCL_0131.heldout_molecules/2026-05-26T00-17-56.254244.json
CVCL_0131,heldout_molecules,knn_baseline_pca,knn,pca,L2,4.005596096523345,0.0012664173680559984,0.013037328461561866,0.6527565812648007,0.7908450456714898,benchmark/benchmark/submissions_tahoe_lfc_heldout_molecules_fresh/expression/pert_prediction_tahoe_regression/CVCL_0131.heldout_molecules/2026-05-26T00-18-21.472125.json
CVCL_0131,heldout_molecules,knn_baseline_random,knn,random,L2,5.743083790660229,0.0021786701690067645,0.018567901012563837,0.37809931063423663,0.4930765301864164,benchmark/benchmark/submissions_tahoe_lfc_heldout_molecules_fresh/expression/pert_prediction_tahoe_regression/CVCL_0131.heldout_molecules/2026-05-26T00-17-56.426951.json
CVCL_0131,heldout_molecules,knn_baseline_secfp,knn,secfp,L2,5.75022755451577,0.0022230963491467943,0.01856765563617779,0.38028626035686064,0.5009032261439933,benchmark/benchmark/submissions_tahoe_lfc_heldout_molecules_fresh/expression/pert_prediction_tahoe_regression/CVCL_0131.heldout_molecules/2026-05-26T00-18-45.825113.json
CVCL_0131,heldout_molecules,knn_baseline_topological,knn,topological,L2,5.7723031289897575,0.00221456540346729,0.018655757312456202,0.37394324794050693,0.4921695969784685,benchmark/benchmark/submissions_tahoe_lfc_heldout_molecules_fresh/expression/pert_prediction_tahoe_regression/CVCL_0131.heldout_molecules/2026-05-26T00-18-29.689351.json
CVCL_0131,heldout_molecules,knn_baseline_unimol2-570m-H,knn,unimol2-570m-H,L2,5.7947105366060905,0.002196341909549519,0.018772747102880686,0.36755082856903476,0.48273570149374373,benchmark/benchmark/submissions_tahoe_lfc_heldout_molecules_fresh/expression/pert_prediction_tahoe_regression/CVCL_0131.heldout_molecules/2026-05-26T00-19-17.657754.json
CVCL_0131,heldout_molecules,lasso_baseline_ChemBERTa-77M-MLM,lasso,ChemBERTa-77M-MLM,L2,5.742851968091919,0.0021805997214450427,0.018572877207388483,0.3799579758331809,0.4963748767254844,benchmark/benchmark/submissions_tahoe_lfc_heldout_molecules_fresh/expression/pert_prediction_tahoe_regression/CVCL_0131.heldout_molecules/2026-05-26T00-18-36.432799.json
CVCL_0131,heldout_molecules,lasso_baseline_ChemBERTa-77M-MTR,lasso,ChemBERTa-77M-MTR,L2,5.73383177699773,0.002175090739168261,0.01855795245985804,0.3801607089986423,0.4997397012137321,benchmark/benchmark/submissions_tahoe_lfc_heldout_molecules_fresh/expression/pert_prediction_tahoe_regression/CVCL_0131.heldout_molecules/2026-05-26T00-18-36.774463.json
CVCL_0131,heldout_molecules,lasso_baseline_MiniMol,lasso,MiniMol,L2,5.7238077915332655,0.002168365497500558,0.018541692266492743,0.38055917066749956,0.5019162023407209,benchmark/benchmark/submissions_tahoe_lfc_heldout_molecules_fresh/expression/pert_prediction_tahoe_regression/CVCL_0131.heldout_molecules/2026-05-26T00-18-47.518967.json
CVCL_0131,heldout_molecules,lasso_baseline_MolT5,lasso,MolT5,L2,5.744228191882179,0.0021749380044326907,0.018583465733184323,0.37876676567739115,0.4946147249147895,benchmark/benchmark/submissions_tahoe_lfc_heldout_molecules_fresh/expression/pert_prediction_tahoe_regression/CVCL_0131.heldout_molecules/2026-05-26T00-19-22.682318.json
CVCL_0131,heldout_molecules,lasso_baseline_avalon,lasso,avalon,L2,5.7462739583066025,0.0021742428150615997,0.01858514579458028,0.37950466147371,0.493981094586256,benchmark/benchmark/submissions_tahoe_lfc_heldout_molecules_fresh/expression/pert_prediction_tahoe_regression/CVCL_0131.heldout_molecules/2026-05-26T00-19-27.531707.json
CVCL_0131,heldout_molecules,lasso_baseline_boltz_affinity_pred_value_fragment,lasso,boltz_affinity_pred_value_fragment,L2,5.73888235321747,0.0021803817444958364,0.018567925734773037,0.37988708710391517,0.4978668033388248,benchmark/benchmark/submissions_tahoe_lfc_heldout_molecules_fresh/expression/pert_prediction_tahoe_regression/CVCL_0131.heldout_molecules/2026-05-26T00-18-55.323407.json
CVCL_0131,heldout_molecules,lasso_baseline_boltz_affinity_pred_value_protein,lasso,boltz_affinity_pred_value_protein,L2,5.730363409128898,0.0021723311649990704,0.018558401662866486,0.38084165744050413,0.5023301092102902,benchmark/benchmark/submissions_tahoe_lfc_heldout_molecules_fresh/expression/pert_prediction_tahoe_regression/CVCL_0131.heldout_molecules/2026-05-26T00-18-57.927376.json
CVCL_0131,heldout_molecules,lasso_baseline_chatgpt,lasso,chatgpt,L2,5.7129222426309925,0.0021530901683582257,0.018505388233430127,0.3819103288952171,0.5023656600319303,benchmark/benchmark/submissions_tahoe_lfc_heldout_molecules_fresh/expression/pert_prediction_tahoe_regression/CVCL_0131.heldout_molecules/2026-05-26T00-18-33.988009.json
CVCL_0131,heldout_molecules,lasso_baseline_ecfp:2,lasso,ecfp:2,L2,5.750601709047948,0.002186547580580658,0.018585074472655994,0.3796547740906928,0.49455105632673435,benchmark/benchmark/submissions_tahoe_lfc_heldout_molecules_fresh/expression/pert_prediction_tahoe_regression/CVCL_0131.heldout_molecules/2026-05-26T00-19-23.013011.json
CVCL_0131,heldout_molecules,lasso_baseline_erg,lasso,erg,L2,5.746917540514417,0.002184826300413459,0.018575991265974083,0.3798515739803842,0.4953504454380841,benchmark/benchmark/submissions_tahoe_lfc_heldout_molecules_fresh/expression/pert_prediction_tahoe_regression/CVCL_0131.heldout_molecules/2026-05-26T00-19-25.588965.json
CVCL_0131,heldout_molecules,lasso_baseline_maccs,lasso,maccs,L2,5.744179690833968,0.002182729820077715,0.01857347755199783,0.3798649646366506,0.4963806463017144,benchmark/benchmark/submissions_tahoe_lfc_heldout_molecules_fresh/expression/pert_prediction_tahoe_regression/CVCL_0131.heldout_molecules/2026-05-26T00-18-43.516390.json
CVCL_0131,heldout_molecules,lasso_baseline_morgan_initialized_lpm,lasso,morgan_initialized_lpm,L2,5.86181297896953,0.0022269690612365016,0.018734028437832586,0.37617004094225726,0.4667755831607604,benchmark/benchmark/submissions_tahoe_lfc_heldout_molecules_fresh/expression/pert_prediction_tahoe_regression/CVCL_0131.heldout_molecules/2026-05-26T00-18-11.001729.json
CVCL_0131,heldout_molecules,lasso_baseline_pca,lasso,pca,L2,2.6264422288463423,0.0004373771816294746,0.009803047261915566,0.7053110026690237,0.9031899885910782,benchmark/benchmark/submissions_tahoe_lfc_heldout_molecules_fresh/expression/pert_prediction_tahoe_regression/CVCL_0131.heldout_molecules/2026-05-26T00-18-41.270413.json
CVCL_0131,heldout_molecules,lasso_baseline_random,lasso,random,L2,5.746917540514417,0.002184826300413459,0.018575991265974083,0.3798515739803842,0.4953504454380841,benchmark/benchmark/submissions_tahoe_lfc_heldout_molecules_fresh/expression/pert_prediction_tahoe_regression/CVCL_0131.heldout_molecules/2026-05-26T00-18-13.580831.json
CVCL_0131,heldout_molecules,lasso_baseline_secfp,lasso,secfp,L2,5.739359423950998,0.00218011162094344,0.018565332115944546,0.380173686869649,0.4970887800841548,benchmark/benchmark/submissions_tahoe_lfc_heldout_molecules_fresh/expression/pert_prediction_tahoe_regression/CVCL_0131.heldout_molecules/2026-05-26T00-19-02.478398.json
CVCL_0131,heldout_molecules,lasso_baseline_topological,lasso,topological,L2,5.746917540514417,0.002184826300413459,0.018575991265974083,0.3798515739803842,0.4953504454380841,benchmark/benchmark/submissions_tahoe_lfc_heldout_molecules_fresh/expression/pert_prediction_tahoe_regression/CVCL_0131.heldout_molecules/2026-05-26T00-18-45.618284.json
CVCL_0131,heldout_molecules,lasso_baseline_unimol2-570m-H,lasso,unimol2-570m-H,L2,5.745738007272198,0.0021838912980954167,0.01857477670416934,0.3798236272343936,0.49568854810560614,benchmark/benchmark/submissions_tahoe_lfc_heldout_molecules_fresh/expression/pert_prediction_tahoe_regression/CVCL_0131.heldout_molecules/2026-05-26T00-19-29.917050.json
CVCL_0152,heldout_molecules,knn_baseline_ChemBERTa-77M-MLM,knn,ChemBERTa-77M-MLM,L2,5.273740266826786,0.0018520844403269677,0.015614261120115871,0.29764413012713176,0.4393440311556721,benchmark/benchmark/submissions_tahoe_lfc_heldout_molecules_fresh/expression/pert_prediction_tahoe_regression/CVCL_0152.heldout_molecules/2026-05-26T00-19-32.885756.json
CVCL_0152,heldout_molecules,knn_baseline_ChemBERTa-77M-MTR,knn,ChemBERTa-77M-MTR,L2,5.202110568739296,0.0018347624484234772,0.015399695301716592,0.3165668508248467,0.46430692400113915,benchmark/benchmark/submissions_tahoe_lfc_heldout_molecules_fresh/expression/pert_prediction_tahoe_regression/CVCL_0152.heldout_molecules/2026-05-26T00-19-29.316560.json
CVCL_0152,heldout_molecules,knn_baseline_MiniMol,knn,MiniMol,L2,5.104545054844366,0.0017689759563774756,0.015122645418627886,0.34166754248080033,0.4953558761899989,benchmark/benchmark/submissions_tahoe_lfc_heldout_molecules_fresh/expression/pert_prediction_tahoe_regression/CVCL_0152.heldout_molecules/2026-05-26T00-19-56.758516.json
CVCL_0152,heldout_molecules,knn_baseline_MolT5,knn,MolT5,L2,5.241981172573382,0.001840135171593624,0.015524152631453009,0.30655857019857374,0.4517904013969263,benchmark/benchmark/submissions_tahoe_lfc_heldout_molecules_fresh/expression/pert_prediction_tahoe_regression/CVCL_0152.heldout_molecules/2026-05-26T00-20-16.853869.json
CVCL_0152,heldout_molecules,knn_baseline_avalon,knn,avalon,L2,5.1448400930071845,0.001824828819895577,0.015249722158900206,0.32908619387227017,0.4825977472920981,benchmark/benchmark/submissions_tahoe_lfc_heldout_molecules_fresh/expression/pert_prediction_tahoe_regression/CVCL_0152.heldout_molecules/2026-05-26T00-20-20.637239.json
CVCL_0152,heldout_molecules,knn_baseline_boltz_affinity_pred_value_fragment,knn,boltz_affinity_pred_value_fragment,L2,5.148121987384559,0.0018042451337131054,0.015251665776376383,0.3318055517142381,0.4849218208646735,benchmark/benchmark/submissions_tahoe_lfc_heldout_molecules_fresh/expression/pert_prediction_tahoe_regression/CVCL_0152.heldout_molecules/2026-05-26T00-20-03.114565.json
CVCL_0152,heldout_molecules,knn_baseline_boltz_affinity_pred_value_protein,knn,boltz_affinity_pred_value_protein,L2,5.164268474386973,0.0018172559392950322,0.015296470779139152,0.32729969349347665,0.47949639951172013,benchmark/benchmark/submissions_tahoe_lfc_heldout_molecules_fresh/expression/pert_prediction_tahoe_regression/CVCL_0152.heldout_molecules/2026-05-26T00-20-04.003316.json
CVCL_0152,heldout_molecules,knn_baseline_chatgpt,knn,chatgpt,L2,5.233313159171524,0.0018271985745897485,0.015529066707060127,0.30423607754937193,0.45306424481362173,benchmark/benchmark/submissions_tahoe_lfc_heldout_molecules_fresh/expression/pert_prediction_tahoe_regression/CVCL_0152.heldout_molecules/2026-05-26T00-19-57.448524.json
CVCL_0152,heldout_molecules,knn_baseline_ecfp:2,knn,ecfp:2,L2,5.1567462528455295,0.0018347466833417232,0.015257671231956052,0.32764363692604126,0.47752140021341605,benchmark/benchmark/submissions_tahoe_lfc_heldout_molecules_fresh/expression/pert_prediction_tahoe_regression/CVCL_0152.heldout_molecules/2026-05-26T00-20-45.579879.json
CVCL_0152,heldout_molecules,knn_baseline_erg,knn,erg,L2,5.161262681471388,0.0018242413318285179,0.015280689110561277,0.3278715918418169,0.4778134635439,benchmark/benchmark/submissions_tahoe_lfc_heldout_molecules_fresh/expression/pert_prediction_tahoe_regression/CVCL_0152.heldout_molecules/2026-05-26T00-20-14.267725.json
CVCL_0152,heldout_molecules,knn_baseline_maccs,knn,maccs,L2,5.167648723236053,0.0018197369342478037,0.015300685221331718,0.3261520766611633,0.47669556829756893,benchmark/benchmark/submissions_tahoe_lfc_heldout_molecules_fresh/expression/pert_prediction_tahoe_regression/CVCL_0152.heldout_molecules/2026-05-26T00-19-56.329496.json
CVCL_0152,heldout_molecules,knn_baseline_morgan_initialized_lpm,knn,morgan_initialized_lpm,L2,5.160327968196979,0.001831663078879897,0.015262580652098033,0.3254662199486863,0.47286513514003187,benchmark/benchmark/submissions_tahoe_lfc_heldout_molecules_fresh/expression/pert_prediction_tahoe_regression/CVCL_0152.heldout_molecules/2026-05-26T00-19-17.680004.json
CVCL_0152,heldout_molecules,knn_baseline_pca,knn,pca,L2,3.713677997970372,0.0010989711696312758,0.011351714967777113,0.5994677513597219,0.7864044890161191,benchmark/benchmark/submissions_tahoe_lfc_heldout_molecules_fresh/expression/pert_prediction_tahoe_regression/CVCL_0152.heldout_molecules/2026-05-26T00-19-28.084831.json
CVCL_0152,heldout_molecules,knn_baseline_random,knn,random,L2,5.24796794894459,0.0018574945493182477,0.015555830628253517,0.30217189312138054,0.4496862279806167,benchmark/benchmark/submissions_tahoe_lfc_heldout_molecules_fresh/expression/pert_prediction_tahoe_regression/CVCL_0152.heldout_molecules/2026-05-26T00-19-22.455758.json
CVCL_0152,heldout_molecules,knn_baseline_secfp,knn,secfp,L2,5.146555324022687,0.0018461184756447205,0.0152199314413968,0.3335538677510104,0.4846320845383963,benchmark/benchmark/submissions_tahoe_lfc_heldout_molecules_fresh/expression/pert_prediction_tahoe_regression/CVCL_0152.heldout_molecules/2026-05-26T00-20-10.104877.json
CVCL_0152,heldout_molecules,knn_baseline_topological,knn,topological,L2,5.162864849702385,0.0018401404979923814,0.01530855800198942,0.32450869246260466,0.4775401868737812,benchmark/benchmark/submissions_tahoe_lfc_heldout_molecules_fresh/expression/pert_prediction_tahoe_regression/CVCL_0152.heldout_molecules/2026-05-26T00-19-58.943826.json
CVCL_0152,heldout_molecules,knn_baseline_unimol2-570m-H,knn,unimol2-570m-H,L2,5.211347998896022,0.0018321650428623595,0.015439829373359812,0.3128557927646261,0.46219402563798484,benchmark/benchmark/submissions_tahoe_lfc_heldout_molecules_fresh/expression/pert_prediction_tahoe_regression/CVCL_0152.heldout_molecules/2026-05-26T00-20-45.773263.json
CVCL_0152,heldout_molecules,lasso_baseline_ChemBERTa-77M-MLM,lasso,ChemBERTa-77M-MLM,L2,5.172702843203111,0.001821252806267921,0.015330876078838002,0.32038290967142147,0.4740616706666531,benchmark/benchmark/submissions_tahoe_lfc_heldout_molecules_fresh/expression/pert_prediction_tahoe_regression/CVCL_0152.heldout_molecules/2026-05-26T00-19-48.150134.json
CVCL_0152,heldout_molecules,lasso_baseline_ChemBERTa-77M-MTR,lasso,ChemBERTa-77M-MTR,L2,5.164176836033903,0.0018216068816825587,0.015318096639943374,0.32067398185056445,0.4776677832920142,benchmark/benchmark/submissions_tahoe_lfc_heldout_molecules_fresh/expression/pert_prediction_tahoe_regression/CVCL_0152.heldout_molecules/2026-05-26T00-19-45.613162.json
CVCL_0152,heldout_molecules,lasso_baseline_MiniMol,lasso,MiniMol,L2,5.152243143827798,0.0018129242444026694,0.01528994479185102,0.3217100292673954,0.4808604432020933,benchmark/benchmark/submissions_tahoe_lfc_heldout_molecules_fresh/expression/pert_prediction_tahoe_regression/CVCL_0152.heldout_molecules/2026-05-26T00-20-08.073205.json
CVCL_0152,heldout_molecules,lasso_baseline_MolT5,lasso,MolT5,L2,5.1661633814803745,0.001815168100291003,0.015313956265730235,0.3211335353674345,0.4757766491733471,benchmark/benchmark/submissions_tahoe_lfc_heldout_molecules_fresh/expression/pert_prediction_tahoe_regression/CVCL_0152.heldout_molecules/2026-05-26T00-20-28.305980.json
CVCL_0152,heldout_molecules,lasso_baseline_avalon,lasso,avalon,L2,5.180624250859551,0.0018178419486882065,0.015334963476695948,0.3208053137878258,0.4709155806298181,benchmark/benchmark/submissions_tahoe_lfc_heldout_molecules_fresh/expression/pert_prediction_tahoe_regression/CVCL_0152.heldout_molecules/2026-05-26T00-20-35.862176.json
CVCL_0152,heldout_molecules,lasso_baseline_boltz_affinity_pred_value_fragment,lasso,boltz_affinity_pred_value_fragment,L2,5.147968316078299,0.0018158311987818468,0.015258007587668928,0.32517419797947034,0.48456809595972494,benchmark/benchmark/submissions_tahoe_lfc_heldout_molecules_fresh/expression/pert_prediction_tahoe_regression/CVCL_0152.heldout_molecules/2026-05-26T00-20-19.160886.json
CVCL_0152,heldout_molecules,lasso_baseline_boltz_affinity_pred_value_protein,lasso,boltz_affinity_pred_value_protein,L2,5.15084837834459,0.001817620531836958,0.015272017878470111,0.3239279707071211,0.48286141318720105,benchmark/benchmark/submissions_tahoe_lfc_heldout_molecules_fresh/expression/pert_prediction_tahoe_regression/CVCL_0152.heldout_molecules/2026-05-26T00-20-21.070790.json
CVCL_0152,heldout_molecules,lasso_baseline_chatgpt,lasso,chatgpt,L2,5.130027347940435,0.0017937508821610011,0.01524212588738449,0.3243516397710493,0.48507544003855696,benchmark/benchmark/submissions_tahoe_lfc_heldout_molecules_fresh/expression/pert_prediction_tahoe_regression/CVCL_0152.heldout_molecules/2026-05-26T00-20-08.890940.json
CVCL_0152,heldout_molecules,lasso_baseline_ecfp:2,lasso,ecfp:2,L2,5.193124056074304,0.0018362349707831632,0.015357466390587084,0.3197785525153135,0.46761280012341316,benchmark/benchmark/submissions_tahoe_lfc_heldout_molecules_fresh/expression/pert_prediction_tahoe_regression/CVCL_0152.heldout_molecules/2026-05-26T00-20-56.090117.json
CVCL_0152,heldout_molecules,lasso_baseline_erg,lasso,erg,L2,5.184934080321532,0.0018362000950647333,0.015346765036714295,0.31972161690494555,0.46971355503908957,benchmark/benchmark/submissions_tahoe_lfc_heldout_molecules_fresh/expression/pert_prediction_tahoe_regression/CVCL_0152.heldout_molecules/2026-05-26T00-20-29.570622.json
CVCL_0152,heldout_molecules,lasso_baseline_maccs,lasso,maccs,L2,5.1742961827097185,0.0018276367624703001,0.015333728514330017,0.320425318154002,0.473745527563122,benchmark/benchmark/submissions_tahoe_lfc_heldout_molecules_fresh/expression/pert_prediction_tahoe_regression/CVCL_0152.heldout_molecules/2026-05-26T00-20-10.906958.json
CVCL_0152,heldout_molecules,lasso_baseline_morgan_initialized_lpm,lasso,morgan_initialized_lpm,L2,5.2867340383061485,0.0018381501876073797,0.015434005040061151,0.32172188292444076,0.4412895773536918,benchmark/benchmark/submissions_tahoe_lfc_heldout_molecules_fresh/expression/pert_prediction_tahoe_regression/CVCL_0152.heldout_molecules/2026-05-26T00-19-33.498718.json
CVCL_0152,heldout_molecules,lasso_baseline_pca,lasso,pca,L2,2.480566250291917,0.00046529641366514004,0.008682539483433532,0.6356321280592739,0.8967195351958419,benchmark/benchmark/submissions_tahoe_lfc_heldout_molecules_fresh/expression/pert_prediction_tahoe_regression/CVCL_0152.heldout_molecules/2026-05-26T00-19-48.096907.json
CVCL_0152,heldout_molecules,lasso_baseline_random,lasso,random,L2,5.184969796142217,0.0018362159492342745,0.015346805623348852,0.3197215283328873,0.46969995390414765,benchmark/benchmark/submissions_tahoe_lfc_heldout_molecules_fresh/expression/pert_prediction_tahoe_regression/CVCL_0152.heldout_molecules/2026-05-26T00-19-37.308695.json
CVCL_0152,heldout_molecules,lasso_baseline_secfp,lasso,secfp,L2,5.182277406453113,0.0018292980936751545,0.015338989701869187,0.3202227420327793,0.47143719954464663,benchmark/benchmark/submissions_tahoe_lfc_heldout_molecules_fresh/expression/pert_prediction_tahoe_regression/CVCL_0152.heldout_molecules/2026-05-26T00-20-26.545481.json
CVCL_0152,heldout_molecules,lasso_baseline_topological,lasso,topological,L2,5.17946734195109,0.0018253489386624389,0.015339443071644946,0.3201147972175539,0.47195714044671483,benchmark/benchmark/submissions_tahoe_lfc_heldout_molecules_fresh/expression/pert_prediction_tahoe_regression/CVCL_0152.heldout_molecules/2026-05-26T00-20-13.693758.json
CVCL_0152,heldout_molecules,lasso_baseline_unimol2-570m-H,lasso,unimol2-570m-H,L2,5.184604055474567,0.001835921226107826,0.015346491310344337,0.31972233372149833,0.46979420086698864,benchmark/benchmark/submissions_tahoe_lfc_heldout_molecules_fresh/expression/pert_prediction_tahoe_regression/CVCL_0152.heldout_molecules/2026-05-26T00-20-56.048952.json
CVCL_0179,heldout_molecules,knn_baseline_ChemBERTa-77M-MLM,knn,ChemBERTa-77M-MLM,L2,5.703354896924742,0.0021908276793086443,0.01863232248290719,0.3265699420399627,0.4442121029279751,benchmark/benchmark/submissions_tahoe_lfc_heldout_molecules_fresh/expression/pert_prediction_tahoe_regression/CVCL_0179.heldout_molecules/2026-05-26T00-20-54.665735.json
CVCL_0179,heldout_molecules,knn_baseline_ChemBERTa-77M-MTR,knn,ChemBERTa-77M-MTR,L2,5.655586264968545,0.0021827319371424143,0.018435926487694265,0.34359411402392215,0.46338953632995034,benchmark/benchmark/submissions_tahoe_lfc_heldout_molecules_fresh/expression/pert_prediction_tahoe_regression/CVCL_0179.heldout_molecules/2026-05-26T00-20-51.565683.json
CVCL_0179,heldout_molecules,knn_baseline_MiniMol,knn,MiniMol,L2,5.582185980435038,0.002144541262639063,0.018225719387168878,0.35930767830827287,0.48549909688866333,benchmark/benchmark/submissions_tahoe_lfc_heldout_molecules_fresh/expression/pert_prediction_tahoe_regression/CVCL_0179.heldout_molecules/2026-05-26T00-21-31.629582.json
CVCL_0179,heldout_molecules,knn_baseline_MolT5,knn,MolT5,L2,5.696119760269026,0.0021944132517100687,0.018563575407120468,0.3340276637582558,0.44919020632692636,benchmark/benchmark/submissions_tahoe_lfc_heldout_molecules_fresh/expression/pert_prediction_tahoe_regression/CVCL_0179.heldout_molecules/2026-05-26T00-21-38.637597.json
CVCL_0179,heldout_molecules,knn_baseline_avalon,knn,avalon,L2,5.662396379255883,0.002219808971637613,0.01838903907074338,0.347471808829198,0.4620609513575949,benchmark/benchmark/submissions_tahoe_lfc_heldout_molecules_fresh/expression/pert_prediction_tahoe_regression/CVCL_0179.heldout_molecules/2026-05-26T00-21-44.442272.json
CVCL_0179,heldout_molecules,knn_baseline_boltz_affinity_pred_value_fragment,knn,boltz_affinity_pred_value_fragment,L2,5.649260432538788,0.0021772047685052935,0.018394854140019713,0.34932272536326936,0.4671455113919839,benchmark/benchmark/submissions_tahoe_lfc_heldout_molecules_fresh/expression/pert_prediction_tahoe_regression/CVCL_0179.heldout_molecules/2026-05-26T00-21-32.296798.json
CVCL_0179,heldout_molecules,knn_baseline_boltz_affinity_pred_value_protein,knn,boltz_affinity_pred_value_protein,L2,5.659834410441306,0.002187571400101617,0.018427915859480625,0.3469963938501723,0.4639104491324023,benchmark/benchmark/submissions_tahoe_lfc_heldout_molecules_fresh/expression/pert_prediction_tahoe_regression/CVCL_0179.heldout_molecules/2026-05-26T00-21-32.220634.json
CVCL_0179,heldout_molecules,knn_baseline_chatgpt,knn,chatgpt,L2,5.610741580938314,0.002112618116468251,0.018366804745885396,0.3422125697141172,0.4698664344805894,benchmark/benchmark/submissions_tahoe_lfc_heldout_molecules_fresh/expression/pert_prediction_tahoe_regression/CVCL_0179.heldout_molecules/2026-05-26T00-21-01.079886.json
CVCL_0179,heldout_molecules,knn_baseline_ecfp:2,knn,ecfp:2,L2,5.657514186344129,0.002215366683093879,0.018407683887125027,0.3473357513493194,0.46323865327389885,benchmark/benchmark/submissions_tahoe_lfc_heldout_molecules_fresh/expression/pert_prediction_tahoe_regression/CVCL_0179.heldout_molecules/2026-05-26T00-21-49.154182.json
CVCL_0179,heldout_molecules,knn_baseline_erg,knn,erg,L2,5.678630385162789,0.002207029283049399,0.01849989868945899,0.3380555525334741,0.4546634297474614,benchmark/benchmark/submissions_tahoe_lfc_heldout_molecules_fresh/expression/pert_prediction_tahoe_regression/CVCL_0179.heldout_molecules/2026-05-26T00-21-37.660522.json
CVCL_0179,heldout_molecules,knn_baseline_maccs,knn,maccs,L2,5.649489639685205,0.002187765874756219,0.018391158684548634,0.3492901622246861,0.46738992385422473,benchmark/benchmark/submissions_tahoe_lfc_heldout_molecules_fresh/expression/pert_prediction_tahoe_regression/CVCL_0179.heldout_molecules/2026-05-26T00-21-01.902546.json
CVCL_0179,heldout_molecules,knn_baseline_morgan_initialized_lpm,knn,morgan_initialized_lpm,L2,5.691073217386794,0.002246940117852889,0.01848554814443563,0.3382790067519787,0.44737157934034616,benchmark/benchmark/submissions_tahoe_lfc_heldout_molecules_fresh/expression/pert_prediction_tahoe_regression/CVCL_0179.heldout_molecules/2026-05-26T00-20-43.608409.json
CVCL_0179,heldout_molecules,knn_baseline_pca,knn,pca,L2,4.053076910779902,0.0013123826963153706,0.013533787662606538,0.6209905647908208,0.7788103305310585,benchmark/benchmark/submissions_tahoe_lfc_heldout_molecules_fresh/expression/pert_prediction_tahoe_regression/CVCL_0179.heldout_molecules/2026-05-26T00-20-49.018936.json
CVCL_0179,heldout_molecules,knn_baseline_random,knn,random,L2,5.691907201486715,0.0022112600376581197,0.018543526284161553,0.33454807726618396,0.45050719120579136,benchmark/benchmark/submissions_tahoe_lfc_heldout_molecules_fresh/expression/pert_prediction_tahoe_regression/CVCL_0179.heldout_molecules/2026-05-26T00-20-44.988616.json
CVCL_0179,heldout_molecules,knn_baseline_secfp,knn,secfp,L2,5.686848427372979,0.0022533396700711414,0.018455541635660794,0.3442436413792109,0.45451761194068374,benchmark/benchmark/submissions_tahoe_lfc_heldout_molecules_fresh/expression/pert_prediction_tahoe_regression/CVCL_0179.heldout_molecules/2026-05-26T00-21-33.391169.json
CVCL_0179,heldout_molecules,knn_baseline_topological,knn,topological,L2,5.660868683977649,0.002224403674973395,0.018403353084669973,0.34859431588083445,0.46678984441071797,benchmark/benchmark/submissions_tahoe_lfc_heldout_molecules_fresh/expression/pert_prediction_tahoe_regression/CVCL_0179.heldout_molecules/2026-05-26T00-21-05.890537.json
CVCL_0179,heldout_molecules,knn_baseline_unimol2-570m-H,knn,unimol2-570m-H,L2,5.679919944792521,0.00219679228810693,0.018508134960624378,0.3382889336031047,0.4558498230405594,benchmark/benchmark/submissions_tahoe_lfc_heldout_molecules_fresh/expression/pert_prediction_tahoe_regression/CVCL_0179.heldout_molecules/2026-05-26T00-21-53.429880.json
CVCL_0179,heldout_molecules,lasso_baseline_ChemBERTa-77M-MLM,lasso,ChemBERTa-77M-MLM,L2,5.650981373184981,0.0021923569427660084,0.01842016026659006,0.34364492913251227,0.46541590890850815,benchmark/benchmark/submissions_tahoe_lfc_heldout_molecules_fresh/expression/pert_prediction_tahoe_regression/CVCL_0179.heldout_molecules/2026-05-26T00-21-12.465911.json
CVCL_0179,heldout_molecules,lasso_baseline_ChemBERTa-77M-MTR,lasso,ChemBERTa-77M-MTR,L2,5.641128631678104,0.0021865262111487927,0.018409840649247472,0.34405585806762,0.469781308162241,benchmark/benchmark/submissions_tahoe_lfc_heldout_molecules_fresh/expression/pert_prediction_tahoe_regression/CVCL_0179.heldout_molecules/2026-05-26T00-21-07.298010.json
CVCL_0179,heldout_molecules,lasso_baseline_MiniMol,lasso,MiniMol,L2,5.630170461004413,0.0021809043555803594,0.018382747469675775,0.34482433555981423,0.47232526050036167,benchmark/benchmark/submissions_tahoe_lfc_heldout_molecules_fresh/expression/pert_prediction_tahoe_regression/CVCL_0179.heldout_molecules/2026-05-26T00-21-42.834442.json
CVCL_0179,heldout_molecules,lasso_baseline_MolT5,lasso,MolT5,L2,5.650512005397851,0.0021874409527477675,0.018421331316989246,0.3435752569906226,0.46561041333393477,benchmark/benchmark/submissions_tahoe_lfc_heldout_molecules_fresh/expression/pert_prediction_tahoe_regression/CVCL_0179.heldout_molecules/2026-05-26T00-21-51.655402.json
CVCL_0179,heldout_molecules,lasso_baseline_avalon,lasso,avalon,L2,5.647570427772134,0.002184183560950204,0.018405600506054783,0.3445001862551458,0.4647658958362049,benchmark/benchmark/submissions_tahoe_lfc_heldout_molecules_fresh/expression/pert_prediction_tahoe_regression/CVCL_0179.heldout_molecules/2026-05-26T00-22-00.927599.json
CVCL_0179,heldout_molecules,lasso_baseline_boltz_affinity_pred_value_fragment,lasso,boltz_affinity_pred_value_fragment,L2,5.651816752494746,0.002194571811336372,0.018411726492549865,0.3448429673221325,0.46726841650419476,benchmark/benchmark/submissions_tahoe_lfc_heldout_molecules_fresh/expression/pert_prediction_tahoe_regression/CVCL_0179.heldout_molecules/2026-05-26T00-21-46.890298.json
CVCL_0179,heldout_molecules,lasso_baseline_boltz_affinity_pred_value_protein,lasso,boltz_affinity_pred_value_protein,L2,5.653676994844865,0.0021963601477159845,0.018415521472587258,0.3444863355018901,0.4662430869311037,benchmark/benchmark/submissions_tahoe_lfc_heldout_molecules_fresh/expression/pert_prediction_tahoe_regression/CVCL_0179.heldout_molecules/2026-05-26T00-21-47.140322.json
CVCL_0179,heldout_molecules,lasso_baseline_chatgpt,lasso,chatgpt,L2,5.585756637135499,0.002144275288407433,0.018289753721767395,0.3478348396835049,0.48200804768428696,benchmark/benchmark/submissions_tahoe_lfc_heldout_molecules_fresh/expression/pert_prediction_tahoe_regression/CVCL_0179.heldout_molecules/2026-05-26T00-21-14.530488.json
CVCL_0179,heldout_molecules,lasso_baseline_ecfp:2,lasso,ecfp:2,L2,5.735248134738517,0.002193603546876409,0.01859567078562341,0.33996288758236054,0.4380422641895918,benchmark/benchmark/submissions_tahoe_lfc_heldout_molecules_fresh/expression/pert_prediction_tahoe_regression/CVCL_0179.heldout_molecules/2026-05-26T00-22-02.315805.json
CVCL_0179,heldout_molecules,lasso_baseline_erg,lasso,erg,L2,5.6597052490112265,0.0021982647285769584,0.01843191714822217,0.34327401151628867,0.46281372992408093,benchmark/benchmark/submissions_tahoe_lfc_heldout_molecules_fresh/expression/pert_prediction_tahoe_regression/CVCL_0179.heldout_molecules/2026-05-26T00-21-53.714108.json
CVCL_0179,heldout_molecules,lasso_baseline_maccs,lasso,maccs,L2,5.655879267023045,0.0021969567827635054,0.018428263081733474,0.3433008472281223,0.4639784788401,benchmark/benchmark/submissions_tahoe_lfc_heldout_molecules_fresh/expression/pert_prediction_tahoe_regression/CVCL_0179.heldout_molecules/2026-05-26T00-21-18.553447.json
CVCL_0179,heldout_molecules,lasso_baseline_morgan_initialized_lpm,lasso,morgan_initialized_lpm,L2,5.689138218457849,0.002190841392112639,0.01841804725035145,0.34611929178325446,0.4491601097386604,benchmark/benchmark/submissions_tahoe_lfc_heldout_molecules_fresh/expression/pert_prediction_tahoe_regression/CVCL_0179.heldout_molecules/2026-05-26T00-20-58.665284.json
CVCL_0179,heldout_molecules,lasso_baseline_pca,lasso,pca,L2,2.755602031319925,0.0004757407121491069,0.010466478635235848,0.6635485926374621,0.8799474103698228,benchmark/benchmark/submissions_tahoe_lfc_heldout_molecules_fresh/expression/pert_prediction_tahoe_regression/CVCL_0179.heldout_molecules/2026-05-26T00-21-11.471264.json
CVCL_0179,heldout_molecules,lasso_baseline_random,lasso,random,L2,5.6625047245039495,0.002202169777892971,0.018436291103112026,0.34308776209992886,0.46149047494982876,benchmark/benchmark/submissions_tahoe_lfc_heldout_molecules_fresh/expression/pert_prediction_tahoe_regression/CVCL_0179.heldout_molecules/2026-05-26T00-20-58.166231.json
CVCL_0179,heldout_molecules,lasso_baseline_secfp,lasso,secfp,L2,5.646911844519374,0.002189516917829399,0.018416718373829754,0.34372177913405677,0.4667263279366292,benchmark/benchmark/submissions_tahoe_lfc_heldout_molecules_fresh/expression/pert_prediction_tahoe_regression/CVCL_0179.heldout_molecules/2026-05-26T00-21-47.815567.json
CVCL_0179,heldout_molecules,lasso_baseline_topological,lasso,topological,L2,5.654995356479424,0.0021947929612400126,0.01842841662837854,0.34340861256867344,0.4644034319828713,benchmark/benchmark/submissions_tahoe_lfc_heldout_molecules_fresh/expression/pert_prediction_tahoe_regression/CVCL_0179.heldout_molecules/2026-05-26T00-21-22.329431.json
CVCL_0179,heldout_molecules,lasso_baseline_unimol2-570m-H,lasso,unimol2-570m-H,L2,5.6621941328742835,0.002195086775201436,0.018438119709264292,0.342720725605965,0.4622361136159093,benchmark/benchmark/submissions_tahoe_lfc_heldout_molecules_fresh/expression/pert_prediction_tahoe_regression/CVCL_0179.heldout_molecules/2026-05-26T00-22-05.031552.json
CVCL_0218,heldout_molecules,knn_baseline_ChemBERTa-77M-MLM,knn,ChemBERTa-77M-MLM,L2,5.790645885293122,0.002353469828591364,0.01814395488358285,0.29580244670943456,0.4158433625848388,benchmark/benchmark/submissions_tahoe_lfc_heldout_molecules_fresh/expression/pert_prediction_tahoe_regression/CVCL_0218.heldout_molecules/2026-05-26T00-22-17.655396.json
CVCL_0218,heldout_molecules,knn_baseline_ChemBERTa-77M-MTR,knn,ChemBERTa-77M-MTR,L2,5.732819401933174,0.0023299495221691187,0.017944134149522208,0.3128442921273296,0.43653444358560267,benchmark/benchmark/submissions_tahoe_lfc_heldout_molecules_fresh/expression/pert_prediction_tahoe_regression/CVCL_0218.heldout_molecules/2026-05-26T00-22-17.771476.json
CVCL_0218,heldout_molecules,knn_baseline_MiniMol,knn,MiniMol,L2,5.6356857860949985,0.0022633081985629993,0.017685927278912928,0.33503563418644855,0.46802999621636593,benchmark/benchmark/submissions_tahoe_lfc_heldout_molecules_fresh/expression/pert_prediction_tahoe_regression/CVCL_0218.heldout_molecules/2026-05-26T00-22-35.361781.json
CVCL_0218,heldout_molecules,knn_baseline_MolT5,knn,MolT5,L2,5.73987198540028,0.0023281770050722155,0.017974497235488326,0.3114928044813891,0.43389393343892196,benchmark/benchmark/submissions_tahoe_lfc_heldout_molecules_fresh/expression/pert_prediction_tahoe_regression/CVCL_0218.heldout_molecules/2026-05-26T00-23-06.617207.json
CVCL_0218,heldout_molecules,knn_baseline_avalon,knn,avalon,L2,5.702133221145439,0.0023217653618323253,0.017827435249790066,0.3215584397494833,0.44372005148369253,benchmark/benchmark/submissions_tahoe_lfc_heldout_molecules_fresh/expression/pert_prediction_tahoe_regression/CVCL_0218.heldout_molecules/2026-05-26T00-23-07.587452.json
CVCL_0218,heldout_molecules,knn_baseline_boltz_affinity_pred_value_fragment,knn,boltz_affinity_pred_value_fragment,L2,5.672220169998995,0.0022956788850322985,0.017767960237153765,0.3301585633260412,0.45891053993100644,benchmark/benchmark/submissions_tahoe_lfc_heldout_molecules_fresh/expression/pert_prediction_tahoe_regression/CVCL_0218.heldout_molecules/2026-05-26T00-22-38.768640.json
CVCL_0218,heldout_molecules,knn_baseline_boltz_affinity_pred_value_protein,knn,boltz_affinity_pred_value_protein,L2,5.6830925244811485,0.002309719150327971,0.01780247924859017,0.3270882244412509,0.45563126503921153,benchmark/benchmark/submissions_tahoe_lfc_heldout_molecules_fresh/expression/pert_prediction_tahoe_regression/CVCL_0218.heldout_molecules/2026-05-26T00-22-41.285599.json
CVCL_0218,heldout_molecules,knn_baseline_chatgpt,knn,chatgpt,L2,5.7580644222870845,0.0023246403358986195,0.01812938193225072,0.2983790067570418,0.4294556792721538,benchmark/benchmark/submissions_tahoe_lfc_heldout_molecules_fresh/expression/pert_prediction_tahoe_regression/CVCL_0218.heldout_molecules/2026-05-26T00-22-23.279707.json
CVCL_0218,heldout_molecules,knn_baseline_ecfp:2,knn,ecfp:2,L2,5.670847741409721,0.002314922446932421,0.017785159789785957,0.3249845466491131,0.4559744506927503,benchmark/benchmark/submissions_tahoe_lfc_heldout_molecules_fresh/expression/pert_prediction_tahoe_regression/CVCL_0218.heldout_molecules/2026-05-26T00-23-13.028784.json
CVCL_0218,heldout_molecules,knn_baseline_erg,knn,erg,L2,5.676398478692898,0.002302404841968419,0.017808174504365414,0.3227371922423616,0.4540573188841522,benchmark/benchmark/submissions_tahoe_lfc_heldout_molecules_fresh/expression/pert_prediction_tahoe_regression/CVCL_0218.heldout_molecules/2026-05-26T00-23-06.403026.json
CVCL_0218,heldout_molecules,knn_baseline_maccs,knn,maccs,L2,5.684330675482953,0.002314476862545751,0.01778591441726505,0.3283451370043447,0.45239920768033876,benchmark/benchmark/submissions_tahoe_lfc_heldout_molecules_fresh/expression/pert_prediction_tahoe_regression/CVCL_0218.heldout_molecules/2026-05-26T00-22-23.199179.json
CVCL_0218,heldout_molecules,knn_baseline_morgan_initialized_lpm,knn,morgan_initialized_lpm,L2,5.681305016051834,0.0023213697033364184,0.017800911624510113,0.31960212534049814,0.4463087220800546,benchmark/benchmark/submissions_tahoe_lfc_heldout_molecules_fresh/expression/pert_prediction_tahoe_regression/CVCL_0218.heldout_molecules/2026-05-26T00-21-53.087212.json
CVCL_0218,heldout_molecules,knn_baseline_pca,knn,pca,L2,4.04985033617808,0.0014291707746642267,0.01305393747336836,0.6136093169285,0.7783424127990279,benchmark/benchmark/submissions_tahoe_lfc_heldout_molecules_fresh/expression/pert_prediction_tahoe_regression/CVCL_0218.heldout_molecules/2026-05-26T00-22-16.970280.json
CVCL_0218,heldout_molecules,knn_baseline_random,knn,random,L2,5.724797191971881,0.0023343338776550876,0.017946072565281763,0.3102459930353363,0.43852943012538986,benchmark/benchmark/submissions_tahoe_lfc_heldout_molecules_fresh/expression/pert_prediction_tahoe_regression/CVCL_0218.heldout_molecules/2026-05-26T00-22-17.297566.json
CVCL_0218,heldout_molecules,knn_baseline_secfp,knn,secfp,L2,5.675497105325881,0.002339821546144989,0.01775964538948788,0.32802000690178595,0.4550227283988621,benchmark/benchmark/submissions_tahoe_lfc_heldout_molecules_fresh/expression/pert_prediction_tahoe_regression/CVCL_0218.heldout_molecules/2026-05-26T00-23-07.958562.json
CVCL_0218,heldout_molecules,knn_baseline_topological,knn,topological,L2,5.704689646557323,0.0023365462448893992,0.017844958604773288,0.3218203732953178,0.4462940932735974,benchmark/benchmark/submissions_tahoe_lfc_heldout_molecules_fresh/expression/pert_prediction_tahoe_regression/CVCL_0218.heldout_molecules/2026-05-26T00-22-29.709757.json
CVCL_0218,heldout_molecules,knn_baseline_unimol2-570m-H,knn,unimol2-570m-H,L2,5.72149061772788,0.0023208858627413037,0.017909474845719312,0.31487344677428836,0.43999780351616846,benchmark/benchmark/submissions_tahoe_lfc_heldout_molecules_fresh/expression/pert_prediction_tahoe_regression/CVCL_0218.heldout_molecules/2026-05-26T00-23-14.174762.json
CVCL_0218,heldout_molecules,lasso_baseline_ChemBERTa-77M-MLM,lasso,ChemBERTa-77M-MLM,L2,5.6931950132097775,0.002315848731117571,0.01782799602894978,0.3211256627857746,0.449684578079092,benchmark/benchmark/submissions_tahoe_lfc_heldout_molecules_fresh/expression/pert_prediction_tahoe_regression/CVCL_0218.heldout_molecules/2026-05-26T00-22-32.223623.json
CVCL_0218,heldout_molecules,lasso_baseline_ChemBERTa-77M-MTR,lasso,ChemBERTa-77M-MTR,L2,5.694168438366685,0.0023200101455728016,0.017830368485659883,0.32085433824721044,0.4497374248015633,benchmark/benchmark/submissions_tahoe_lfc_heldout_molecules_fresh/expression/pert_prediction_tahoe_regression/CVCL_0218.heldout_molecules/2026-05-26T00-22-32.462431.json
CVCL_0218,heldout_molecules,lasso_baseline_MiniMol,lasso,MiniMol,L2,5.671312306091787,0.0023039946822971005,0.01779114328188056,0.3223477764072506,0.45734406226063595,benchmark/benchmark/submissions_tahoe_lfc_heldout_molecules_fresh/expression/pert_prediction_tahoe_regression/CVCL_0218.heldout_molecules/2026-05-26T00-22-48.231384.json
CVCL_0218,heldout_molecules,lasso_baseline_MolT5,lasso,MolT5,L2,5.687476102270753,0.0023087525271997165,0.017813739200384943,0.32180597240270614,0.4516493212550486,benchmark/benchmark/submissions_tahoe_lfc_heldout_molecules_fresh/expression/pert_prediction_tahoe_regression/CVCL_0218.heldout_molecules/2026-05-26T00-23-17.986002.json
CVCL_0218,heldout_molecules,lasso_baseline_avalon,lasso,avalon,L2,5.687258703570167,0.0023043482590618465,0.0178219124646672,0.32164790843509095,0.45106611591815454,benchmark/benchmark/submissions_tahoe_lfc_heldout_molecules_fresh/expression/pert_prediction_tahoe_regression/CVCL_0218.heldout_molecules/2026-05-26T00-23-22.828049.json
CVCL_0218,heldout_molecules,lasso_baseline_boltz_affinity_pred_value_fragment,lasso,boltz_affinity_pred_value_fragment,L2,5.660369613095777,0.0022999574578449265,0.017758900305673994,0.32531651458330396,0.4624611302263257,benchmark/benchmark/submissions_tahoe_lfc_heldout_molecules_fresh/expression/pert_prediction_tahoe_regression/CVCL_0218.heldout_molecules/2026-05-26T00-22-53.708963.json
CVCL_0218,heldout_molecules,lasso_baseline_boltz_affinity_pred_value_protein,lasso,boltz_affinity_pred_value_protein,L2,5.665084159923065,0.0023040251160166723,0.01777517380093176,0.32386986579393673,0.46062198050333575,benchmark/benchmark/submissions_tahoe_lfc_heldout_molecules_fresh/expression/pert_prediction_tahoe_regression/CVCL_0218.heldout_molecules/2026-05-26T00-22-57.148103.json
CVCL_0218,heldout_molecules,lasso_baseline_chatgpt,lasso,chatgpt,L2,5.658397740238081,0.002296192851745059,0.017751745137451765,0.32398933084995635,0.45927201114967714,benchmark/benchmark/submissions_tahoe_lfc_heldout_molecules_fresh/expression/pert_prediction_tahoe_regression/CVCL_0218.heldout_molecules/2026-05-26T00-22-36.320214.json
CVCL_0218,heldout_molecules,lasso_baseline_ecfp:2,lasso,ecfp:2,L2,5.697293114309671,0.002321048490768451,0.017837765650995836,0.32088960778839104,0.44837465550623096,benchmark/benchmark/submissions_tahoe_lfc_heldout_molecules_fresh/expression/pert_prediction_tahoe_regression/CVCL_0218.heldout_molecules/2026-05-26T00-23-25.226429.json
CVCL_0218,heldout_molecules,lasso_baseline_erg,lasso,erg,L2,5.694168438366685,0.0023200101455728016,0.017830368485659883,0.32085433824721044,0.4497374248015633,benchmark/benchmark/submissions_tahoe_lfc_heldout_molecules_fresh/expression/pert_prediction_tahoe_regression/CVCL_0218.heldout_molecules/2026-05-26T00-23-20.298342.json
CVCL_0218,heldout_molecules,lasso_baseline_maccs,lasso,maccs,L2,5.69294407451898,0.0023173961787496377,0.01782953690024706,0.3209693200020687,0.4504554246552739,benchmark/benchmark/submissions_tahoe_lfc_heldout_molecules_fresh/expression/pert_prediction_tahoe_regression/CVCL_0218.heldout_molecules/2026-05-26T00-22-38.622009.json
CVCL_0218,heldout_molecules,lasso_baseline_morgan_initialized_lpm,lasso,morgan_initialized_lpm,L2,5.7695815202343566,0.002298638173051734,0.017879485377033818,0.32125937479256794,0.42420619026272727,benchmark/benchmark/submissions_tahoe_lfc_heldout_molecules_fresh/expression/pert_prediction_tahoe_regression/CVCL_0218.heldout_molecules/2026-05-26T00-22-09.111177.json
CVCL_0218,heldout_molecules,lasso_baseline_pca,lasso,pca,L2,2.7948278441946446,0.000539067128396311,0.010289682284691853,0.6488275368770987,0.8811333672848669,benchmark/benchmark/submissions_tahoe_lfc_heldout_molecules_fresh/expression/pert_prediction_tahoe_regression/CVCL_0218.heldout_molecules/2026-05-26T00-22-40.340389.json
CVCL_0218,heldout_molecules,lasso_baseline_random,lasso,random,L2,5.694168438366685,0.0023200101455728016,0.017830368485659883,0.32085433824721044,0.4497374248015633,benchmark/benchmark/submissions_tahoe_lfc_heldout_molecules_fresh/expression/pert_prediction_tahoe_regression/CVCL_0218.heldout_molecules/2026-05-26T00-22-30.956316.json
CVCL_0218,heldout_molecules,lasso_baseline_secfp,lasso,secfp,L2,5.6869735662971035,0.0023140859377000895,0.017820017685842206,0.3213082662066382,0.45238227716116075,benchmark/benchmark/submissions_tahoe_lfc_heldout_molecules_fresh/expression/pert_prediction_tahoe_regression/CVCL_0218.heldout_molecules/2026-05-26T00-23-22.230389.json
CVCL_0218,heldout_molecules,lasso_baseline_topological,lasso,topological,L2,5.694168438366685,0.0023200101455728016,0.017830368485659883,0.32085433824721044,0.4497374248015633,benchmark/benchmark/submissions_tahoe_lfc_heldout_molecules_fresh/expression/pert_prediction_tahoe_regression/CVCL_0218.heldout_molecules/2026-05-26T00-22-45.514265.json
CVCL_0218,heldout_molecules,lasso_baseline_unimol2-570m-H,lasso,unimol2-570m-H,L2,5.693878027031478,0.002319805571726473,0.01783023365777436,0.3208549798033414,0.4498314254414122,benchmark/benchmark/submissions_tahoe_lfc_heldout_molecules_fresh/expression/pert_prediction_tahoe_regression/CVCL_0218.heldout_molecules/2026-05-26T00-23-26.592744.json
CVCL_0292,heldout_molecules,knn_baseline_ChemBERTa-77M-MLM,knn,ChemBERTa-77M-MLM,L2,5.359722754297594,0.001732524474207712,0.017884332546731416,0.2841824496311099,0.39259774580419826,benchmark/benchmark/submissions_tahoe_lfc_heldout_molecules_fresh/expression/pert_prediction_tahoe_regression/CVCL_0292.heldout_molecules/2026-05-26T00-23-55.081560.json
CVCL_0292,heldout_molecules,knn_baseline_ChemBERTa-77M-MTR,knn,ChemBERTa-77M-MTR,L2,5.293284151395303,0.0017088275357955915,0.017669470373963322,0.3020276552078584,0.4186029787155242,benchmark/benchmark/submissions_tahoe_lfc_heldout_molecules_fresh/expression/pert_prediction_tahoe_regression/CVCL_0292.heldout_molecules/2026-05-26T00-23-28.264979.json
CVCL_0292,heldout_molecules,knn_baseline_MiniMol,knn,MiniMol,L2,5.2098189790480856,0.001658207439673074,0.017395989137216985,0.3275423621604621,0.448413812460615,benchmark/benchmark/submissions_tahoe_lfc_heldout_molecules_fresh/expression/pert_prediction_tahoe_regression/CVCL_0292.heldout_molecules/2026-05-26T00-24-01.000300.json
CVCL_0292,heldout_molecules,knn_baseline_MolT5,knn,MolT5,L2,5.3193755720880525,0.0017121775071069088,0.01774840920867668,0.2974512209222655,0.40881532466503845,benchmark/benchmark/submissions_tahoe_lfc_heldout_molecules_fresh/expression/pert_prediction_tahoe_regression/CVCL_0292.heldout_molecules/2026-05-26T00-24-17.417923.json
CVCL_0292,heldout_molecules,knn_baseline_avalon,knn,avalon,L2,5.2664663945054055,0.001713072949106083,0.017539081694007315,0.31662463829107196,0.428378705222999,benchmark/benchmark/submissions_tahoe_lfc_heldout_molecules_fresh/expression/pert_prediction_tahoe_regression/CVCL_0292.heldout_molecules/2026-05-26T00-24-40.749399.json
CVCL_0292,heldout_molecules,knn_baseline_boltz_affinity_pred_value_fragment,knn,boltz_affinity_pred_value_fragment,L2,5.251274515737198,0.0016835549070646143,0.017526228785512542,0.31916440598492196,0.4357956263319278,benchmark/benchmark/submissions_tahoe_lfc_heldout_molecules_fresh/expression/pert_prediction_tahoe_regression/CVCL_0292.heldout_molecules/2026-05-26T00-24-02.264031.json
CVCL_0292,heldout_molecules,knn_baseline_boltz_affinity_pred_value_protein,knn,boltz_affinity_pred_value_protein,L2,5.250159780956541,0.0016855011186432366,0.017523861782479295,0.31809989266192135,0.4363143152428124,benchmark/benchmark/submissions_tahoe_lfc_heldout_molecules_fresh/expression/pert_prediction_tahoe_regression/CVCL_0292.heldout_molecules/2026-05-26T00-24-06.755652.json
CVCL_0292,heldout_molecules,knn_baseline_chatgpt,knn,chatgpt,L2,5.308504013275705,0.0016927936914315042,0.017806885311429512,0.29003999576002376,0.4108056098899344,benchmark/benchmark/submissions_tahoe_lfc_heldout_molecules_fresh/expression/pert_prediction_tahoe_regression/CVCL_0292.heldout_molecules/2026-05-26T00-23-55.331437.json
CVCL_0292,heldout_molecules,knn_baseline_ecfp:2,knn,ecfp:2,L2,5.277151634466624,0.0017129715319580503,0.017595707774932957,0.30956934622457266,0.42326904148559324,benchmark/benchmark/submissions_tahoe_lfc_heldout_molecules_fresh/expression/pert_prediction_tahoe_regression/CVCL_0292.heldout_molecules/2026-05-26T00-24-40.003924.json
CVCL_0292,heldout_molecules,knn_baseline_erg,knn,erg,L2,5.284317341707601,0.0017117903155048136,0.017646744730841008,0.3065712194911442,0.42213677969555485,benchmark/benchmark/submissions_tahoe_lfc_heldout_molecules_fresh/expression/pert_prediction_tahoe_regression/CVCL_0292.heldout_molecules/2026-05-26T00-24-15.541756.json
CVCL_0292,heldout_molecules,knn_baseline_maccs,knn,maccs,L2,5.266571391562927,0.0016994442880296403,0.01756062380869079,0.3150601538515676,0.4296237881048682,benchmark/benchmark/submissions_tahoe_lfc_heldout_molecules_fresh/expression/pert_prediction_tahoe_regression/CVCL_0292.heldout_molecules/2026-05-26T00-23-54.687117.json
CVCL_0292,heldout_molecules,knn_baseline_morgan_initialized_lpm,knn,morgan_initialized_lpm,L2,5.3136110608665525,0.0017435204289393182,0.01766604201037448,0.3037401385012808,0.40542116305744236,benchmark/benchmark/submissions_tahoe_lfc_heldout_molecules_fresh/expression/pert_prediction_tahoe_regression/CVCL_0292.heldout_molecules/2026-05-26T00-23-17.893052.json
CVCL_0292,heldout_molecules,knn_baseline_pca,knn,pca,L2,3.6996860055073206,0.0009641161359737196,0.012789468514831285,0.6124177292985965,0.7766265401162182,benchmark/benchmark/submissions_tahoe_lfc_heldout_molecules_fresh/expression/pert_prediction_tahoe_regression/CVCL_0292.heldout_molecules/2026-05-26T00-23-25.936108.json
CVCL_0292,heldout_molecules,knn_baseline_random,knn,random,L2,5.312282848359412,0.0017219798253355304,0.01770484726168838,0.29916426900665843,0.41104366765418576,benchmark/benchmark/submissions_tahoe_lfc_heldout_molecules_fresh/expression/pert_prediction_tahoe_regression/CVCL_0292.heldout_molecules/2026-05-26T00-23-23.294828.json
CVCL_0292,heldout_molecules,knn_baseline_secfp,knn,secfp,L2,5.288614436743632,0.0017377965416528955,0.01758210906582373,0.31290611590204015,0.42003805301947716,benchmark/benchmark/submissions_tahoe_lfc_heldout_molecules_fresh/expression/pert_prediction_tahoe_regression/CVCL_0292.heldout_molecules/2026-05-26T00-24-14.175763.json
CVCL_0292,heldout_molecules,knn_baseline_topological,knn,topological,L2,5.276768930777284,0.001719203221307824,0.017579029085055785,0.31274214458620475,0.4247757059109593,benchmark/benchmark/submissions_tahoe_lfc_heldout_molecules_fresh/expression/pert_prediction_tahoe_regression/CVCL_0292.heldout_molecules/2026-05-26T00-23-56.721442.json
CVCL_0292,heldout_molecules,knn_baseline_unimol2-570m-H,knn,unimol2-570m-H,L2,5.291669958126213,0.0017035791043963659,0.017666590772563575,0.302442785997573,0.4191048806391058,benchmark/benchmark/submissions_tahoe_lfc_heldout_molecules_fresh/expression/pert_prediction_tahoe_regression/CVCL_0292.heldout_molecules/2026-05-26T00-24-40.078754.json
CVCL_0292,heldout_molecules,lasso_baseline_ChemBERTa-77M-MLM,lasso,ChemBERTa-77M-MLM,L2,5.274741500980581,0.0017030626671986448,0.01759362293033471,0.3082210207765842,0.4255340827498077,benchmark/benchmark/submissions_tahoe_lfc_heldout_molecules_fresh/expression/pert_prediction_tahoe_regression/CVCL_0292.heldout_molecules/2026-05-26T00-24-09.954113.json
CVCL_0292,heldout_molecules,lasso_baseline_ChemBERTa-77M-MTR,lasso,ChemBERTa-77M-MTR,L2,5.267104077498999,0.0016988475308989685,0.017584778245193777,0.3085872292329512,0.42915474247189694,benchmark/benchmark/submissions_tahoe_lfc_heldout_molecules_fresh/expression/pert_prediction_tahoe_regression/CVCL_0292.heldout_molecules/2026-05-26T00-23-43.499818.json
CVCL_0292,heldout_molecules,lasso_baseline_MiniMol,lasso,MiniMol,L2,5.255222118199518,0.001692700186082694,0.0175650129741559,0.30953831431073137,0.43261640237756405,benchmark/benchmark/submissions_tahoe_lfc_heldout_molecules_fresh/expression/pert_prediction_tahoe_regression/CVCL_0292.heldout_molecules/2026-05-26T00-24-13.779827.json
CVCL_0292,heldout_molecules,lasso_baseline_MolT5,lasso,MolT5,L2,5.264520844604237,0.0016940215148030931,0.017579395653622952,0.30927990084682677,0.4286804735866553,benchmark/benchmark/submissions_tahoe_lfc_heldout_molecules_fresh/expression/pert_prediction_tahoe_regression/CVCL_0292.heldout_molecules/2026-05-26T00-24-30.709375.json
CVCL_0292,heldout_molecules,lasso_baseline_avalon,lasso,avalon,L2,5.267304130206732,0.0016960596434151673,0.017579829161671882,0.3095162187978215,0.42787326054261793,benchmark/benchmark/submissions_tahoe_lfc_heldout_molecules_fresh/expression/pert_prediction_tahoe_regression/CVCL_0292.heldout_molecules/2026-05-26T00-24-55.644850.json
CVCL_0292,heldout_molecules,lasso_baseline_boltz_affinity_pred_value_fragment,lasso,boltz_affinity_pred_value_fragment,L2,5.255427692965667,0.001693096714440159,0.017550139901113915,0.31144474098916813,0.4338586124757042,benchmark/benchmark/submissions_tahoe_lfc_heldout_molecules_fresh/expression/pert_prediction_tahoe_regression/CVCL_0292.heldout_molecules/2026-05-26T00-24-19.117192.json
CVCL_0292,heldout_molecules,lasso_baseline_boltz_affinity_pred_value_protein,lasso,boltz_affinity_pred_value_protein,L2,5.259503082476126,0.00169522838447887,0.01756283348476793,0.31021333567945014,0.431402917357183,benchmark/benchmark/submissions_tahoe_lfc_heldout_molecules_fresh/expression/pert_prediction_tahoe_regression/CVCL_0292.heldout_molecules/2026-05-26T00-24-23.559043.json
CVCL_0292,heldout_molecules,lasso_baseline_chatgpt,lasso,chatgpt,L2,5.228648039460251,0.0016720704821494158,0.01750737706595669,0.3123963029096372,0.43926399515546166,benchmark/benchmark/submissions_tahoe_lfc_heldout_molecules_fresh/expression/pert_prediction_tahoe_regression/CVCL_0292.heldout_molecules/2026-05-26T00-24-06.961646.json
CVCL_0292,heldout_molecules,lasso_baseline_ecfp:2,lasso,ecfp:2,L2,5.280935619259454,0.0017067024605428357,0.017600325513308826,0.30816714998516914,0.42386420843730466,benchmark/benchmark/submissions_tahoe_lfc_heldout_molecules_fresh/expression/pert_prediction_tahoe_regression/CVCL_0292.heldout_molecules/2026-05-26T00-24-51.312021.json
CVCL_0292,heldout_molecules,lasso_baseline_erg,lasso,erg,L2,5.270003016493955,0.001700881642226486,0.017589433175962416,0.30843121566018744,0.4278644294560885,benchmark/benchmark/submissions_tahoe_lfc_heldout_molecules_fresh/expression/pert_prediction_tahoe_regression/CVCL_0292.heldout_molecules/2026-05-26T00-24-30.487266.json
CVCL_0292,heldout_molecules,lasso_baseline_maccs,lasso,maccs,L2,5.273613608386025,0.001702997983969653,0.017593405744849123,0.3081608999759172,0.42640150497301355,benchmark/benchmark/submissions_tahoe_lfc_heldout_molecules_fresh/expression/pert_prediction_tahoe_regression/CVCL_0292.heldout_molecules/2026-05-26T00-24-09.209538.json
CVCL_0292,heldout_molecules,lasso_baseline_morgan_initialized_lpm,lasso,morgan_initialized_lpm,L2,5.317700963930769,0.0017152049107795502,0.017591816961487254,0.31123736279118286,0.40934493837829233,benchmark/benchmark/submissions_tahoe_lfc_heldout_molecules_fresh/expression/pert_prediction_tahoe_regression/CVCL_0292.heldout_molecules/2026-05-26T00-23-34.663245.json
CVCL_0292,heldout_molecules,lasso_baseline_pca,lasso,pca,L2,2.7834378779689706,0.000508482228145999,0.01063548971562636,0.6487454613522643,0.8655982779638735,benchmark/benchmark/submissions_tahoe_lfc_heldout_molecules_fresh/expression/pert_prediction_tahoe_regression/CVCL_0292.heldout_molecules/2026-05-26T00-23-46.214140.json
CVCL_0292,heldout_molecules,lasso_baseline_random,lasso,random,L2,5.27808233941495,0.0017060362406458155,0.017598946221621063,0.3080844939714294,0.42457376898500265,benchmark/benchmark/submissions_tahoe_lfc_heldout_molecules_fresh/expression/pert_prediction_tahoe_regression/CVCL_0292.heldout_molecules/2026-05-26T00-23-37.631890.json
CVCL_0292,heldout_molecules,lasso_baseline_secfp,lasso,secfp,L2,5.273183966659258,0.0017033325261201417,0.017593239949636377,0.3082815238893126,0.4266392684663557,benchmark/benchmark/submissions_tahoe_lfc_heldout_molecules_fresh/expression/pert_prediction_tahoe_regression/CVCL_0292.heldout_molecules/2026-05-26T00-24-29.020075.json
CVCL_0292,heldout_molecules,lasso_baseline_topological,lasso,topological,L2,5.277256863187651,0.001703558371280205,0.0175974711274751,0.3081924801338148,0.4251645428504919,benchmark/benchmark/submissions_tahoe_lfc_heldout_molecules_fresh/expression/pert_prediction_tahoe_regression/CVCL_0292.heldout_molecules/2026-05-26T00-24-11.268371.json
CVCL_0292,heldout_molecules,lasso_baseline_unimol2-570m-H,lasso,unimol2-570m-H,L2,5.277064046187028,0.0017053084239630795,0.017598756376697073,0.3080845965436416,0.4247640869380657,benchmark/benchmark/submissions_tahoe_lfc_heldout_molecules_fresh/expression/pert_prediction_tahoe_regression/CVCL_0292.heldout_molecules/2026-05-26T00-24-51.264756.json
CVCL_0293,heldout_molecules,knn_baseline_ChemBERTa-77M-MLM,knn,ChemBERTa-77M-MLM,L2,5.171337206898878,0.0017442074042418145,0.01694705525769116,0.31038383187672175,0.43246693957088667,benchmark/benchmark/submissions_tahoe_lfc_heldout_molecules_fresh/expression/pert_prediction_tahoe_regression/CVCL_0293.heldout_molecules/2026-05-26T00-24-56.128105.json
CVCL_0293,heldout_molecules,knn_baseline_ChemBERTa-77M-MTR,knn,ChemBERTa-77M-MTR,L2,5.092032199884619,0.0017158564694054008,0.016716331019909925,0.3286230568058149,0.4564531446291945,benchmark/benchmark/submissions_tahoe_lfc_heldout_molecules_fresh/expression/pert_prediction_tahoe_regression/CVCL_0293.heldout_molecules/2026-05-26T00-24-50.155468.json
CVCL_0293,heldout_molecules,knn_baseline_MiniMol,knn,MiniMol,L2,5.023968814841394,0.0016804330743985581,0.016496663562031035,0.3477149946635558,0.478089108866698,benchmark/benchmark/submissions_tahoe_lfc_heldout_molecules_fresh/expression/pert_prediction_tahoe_regression/CVCL_0293.heldout_molecules/2026-05-26T00-25-24.722287.json
CVCL_0293,heldout_molecules,knn_baseline_MolT5,knn,MolT5,L2,5.128163950489662,0.0017278006092276647,0.01681858074540864,0.32078771532337325,0.4445961218432985,benchmark/benchmark/submissions_tahoe_lfc_heldout_molecules_fresh/expression/pert_prediction_tahoe_regression/CVCL_0293.heldout_molecules/2026-05-26T00-25-36.904726.json
CVCL_0293,heldout_molecules,knn_baseline_avalon,knn,avalon,L2,5.0909519079602354,0.0017293617699216397,0.016720113518574845,0.3300114401164219,0.45611438655684916,benchmark/benchmark/submissions_tahoe_lfc_heldout_molecules_fresh/expression/pert_prediction_tahoe_regression/CVCL_0293.heldout_molecules/2026-05-26T00-25-43.058979.json
CVCL_0293,heldout_molecules,knn_baseline_boltz_affinity_pred_value_fragment,knn,boltz_affinity_pred_value_fragment,L2,5.087984035847068,0.001711650945131032,0.01669655153344701,0.3328288110049091,0.4588970429654362,benchmark/benchmark/submissions_tahoe_lfc_heldout_molecules_fresh/expression/pert_prediction_tahoe_regression/CVCL_0293.heldout_molecules/2026-05-26T00-25-25.372751.json
CVCL_0293,heldout_molecules,knn_baseline_boltz_affinity_pred_value_protein,knn,boltz_affinity_pred_value_protein,L2,5.083265101065557,0.0017132529727465404,0.016684217919341725,0.3311023406324095,0.4573725949316497,benchmark/benchmark/submissions_tahoe_lfc_heldout_molecules_fresh/expression/pert_prediction_tahoe_regression/CVCL_0293.heldout_molecules/2026-05-26T00-25-24.846235.json
CVCL_0293,heldout_molecules,knn_baseline_chatgpt,knn,chatgpt,L2,5.100939451503949,0.0016920771119511226,0.016779175381962552,0.3210063285280666,0.4516090695553749,benchmark/benchmark/submissions_tahoe_lfc_heldout_molecules_fresh/expression/pert_prediction_tahoe_regression/CVCL_0293.heldout_molecules/2026-05-26T00-24-57.590887.json
CVCL_0293,heldout_molecules,knn_baseline_ecfp:2,knn,ecfp:2,L2,5.0691613218648754,0.001708242470909218,0.016647750597657267,0.3354461509789486,0.462712228679225,benchmark/benchmark/submissions_tahoe_lfc_heldout_molecules_fresh/expression/pert_prediction_tahoe_regression/CVCL_0293.heldout_molecules/2026-05-26T00-25-46.662504.json
CVCL_0293,heldout_molecules,knn_baseline_erg,knn,erg,L2,5.073077709548289,0.0017063415763608144,0.016648444889119048,0.3341296240847287,0.4609869739672787,benchmark/benchmark/submissions_tahoe_lfc_heldout_molecules_fresh/expression/pert_prediction_tahoe_regression/CVCL_0293.heldout_molecules/2026-05-26T00-25-31.256743.json
CVCL_0293,heldout_molecules,knn_baseline_maccs,knn,maccs,L2,5.091016597390037,0.0017233087881724466,0.0167069733217802,0.33147807679909824,0.4555516003275026,benchmark/benchmark/submissions_tahoe_lfc_heldout_molecules_fresh/expression/pert_prediction_tahoe_regression/CVCL_0293.heldout_molecules/2026-05-26T00-25-00.782610.json
CVCL_0293,heldout_molecules,knn_baseline_morgan_initialized_lpm,knn,morgan_initialized_lpm,L2,5.106756182246153,0.0017515823000174222,0.016717953784584995,0.32512530232978737,0.4411372139515408,benchmark/benchmark/submissions_tahoe_lfc_heldout_molecules_fresh/expression/pert_prediction_tahoe_regression/CVCL_0293.heldout_molecules/2026-05-26T00-24-38.848210.json
CVCL_0293,heldout_molecules,knn_baseline_pca,knn,pca,L2,3.521648961669309,0.00096520909997084,0.011867825387840706,0.6366506278436852,0.7976301768047022,benchmark/benchmark/submissions_tahoe_lfc_heldout_molecules_fresh/expression/pert_prediction_tahoe_regression/CVCL_0293.heldout_molecules/2026-05-26T00-24-45.687316.json
CVCL_0293,heldout_molecules,knn_baseline_random,knn,random,L2,5.114817801374374,0.001737322303288275,0.016774021528232687,0.323172125238231,0.4477443162770354,benchmark/benchmark/submissions_tahoe_lfc_heldout_molecules_fresh/expression/pert_prediction_tahoe_regression/CVCL_0293.heldout_molecules/2026-05-26T00-24-44.702610.json
CVCL_0293,heldout_molecules,knn_baseline_secfp,knn,secfp,L2,5.111742357496971,0.001753078507480116,0.016749078761204274,0.3273092559884667,0.44975533105437254,benchmark/benchmark/submissions_tahoe_lfc_heldout_molecules_fresh/expression/pert_prediction_tahoe_regression/CVCL_0293.heldout_molecules/2026-05-26T00-25-32.175688.json
CVCL_0293,heldout_molecules,knn_baseline_topological,knn,topological,L2,5.09575843651738,0.0017371945100400467,0.016717601441972495,0.3302052569061581,0.453358114476173,benchmark/benchmark/submissions_tahoe_lfc_heldout_molecules_fresh/expression/pert_prediction_tahoe_regression/CVCL_0293.heldout_molecules/2026-05-26T00-25-26.518027.json
CVCL_0293,heldout_molecules,knn_baseline_unimol2-570m-H,knn,unimol2-570m-H,L2,5.119439724720453,0.0017243998351692757,0.016803634138783004,0.3198672228254004,0.44620542617183795,benchmark/benchmark/submissions_tahoe_lfc_heldout_molecules_fresh/expression/pert_prediction_tahoe_regression/CVCL_0293.heldout_molecules/2026-05-26T00-25-47.068114.json
CVCL_0293,heldout_molecules,lasso_baseline_ChemBERTa-77M-MLM,lasso,ChemBERTa-77M-MLM,L2,5.092813502829396,0.0017181776483672436,0.016703459965804697,0.3307367592436819,0.45552276495747474,benchmark/benchmark/submissions_tahoe_lfc_heldout_molecules_fresh/expression/pert_prediction_tahoe_regression/CVCL_0293.heldout_molecules/2026-05-26T00-25-12.047943.json
CVCL_0293,heldout_molecules,lasso_baseline_ChemBERTa-77M-MTR,lasso,ChemBERTa-77M-MTR,L2,5.082676026407959,0.0017125896438114645,0.016690023579100047,0.3310778185092066,0.459822804299558,benchmark/benchmark/submissions_tahoe_lfc_heldout_molecules_fresh/expression/pert_prediction_tahoe_regression/CVCL_0293.heldout_molecules/2026-05-26T00-25-06.536710.json
CVCL_0293,heldout_molecules,lasso_baseline_MiniMol,lasso,MiniMol,L2,5.069948938781059,0.0017069929004222655,0.016660288745034647,0.33164781675992067,0.46082910671440525,benchmark/benchmark/submissions_tahoe_lfc_heldout_molecules_fresh/expression/pert_prediction_tahoe_regression/CVCL_0293.heldout_molecules/2026-05-26T00-25-35.758482.json
CVCL_0293,heldout_molecules,lasso_baseline_MolT5,lasso,MolT5,L2,5.0805189425650985,0.0017091720782699672,0.016680725540293633,0.33121330983602826,0.45660618993510926,benchmark/benchmark/submissions_tahoe_lfc_heldout_molecules_fresh/expression/pert_prediction_tahoe_regression/CVCL_0293.heldout_molecules/2026-05-26T00-25-50.718956.json
CVCL_0293,heldout_molecules,lasso_baseline_avalon,lasso,avalon,L2,5.091427268082045,0.001714733499325927,0.016697101160765816,0.3310459194967909,0.4543563414765454,benchmark/benchmark/submissions_tahoe_lfc_heldout_molecules_fresh/expression/pert_prediction_tahoe_regression/CVCL_0293.heldout_molecules/2026-05-26T00-25-58.989406.json
CVCL_0293,heldout_molecules,lasso_baseline_boltz_affinity_pred_value_fragment,lasso,boltz_affinity_pred_value_fragment,L2,5.067632530770346,0.001707643322452571,0.01663333995344224,0.33420577003190516,0.4631950437163807,benchmark/benchmark/submissions_tahoe_lfc_heldout_molecules_fresh/expression/pert_prediction_tahoe_regression/CVCL_0293.heldout_molecules/2026-05-26T00-25-39.826426.json
CVCL_0293,heldout_molecules,lasso_baseline_boltz_affinity_pred_value_protein,lasso,boltz_affinity_pred_value_protein,L2,5.0701296723825005,0.0017090925494746055,0.016643766189357857,0.3332996586668886,0.4613346967353217,benchmark/benchmark/submissions_tahoe_lfc_heldout_molecules_fresh/expression/pert_prediction_tahoe_regression/CVCL_0293.heldout_molecules/2026-05-26T00-25-39.908906.json
CVCL_0293,heldout_molecules,lasso_baseline_chatgpt,lasso,chatgpt,L2,5.05367278670597,0.0016920242237165519,0.016631773507268292,0.33282669368745715,0.4642467094416663,benchmark/benchmark/submissions_tahoe_lfc_heldout_molecules_fresh/expression/pert_prediction_tahoe_regression/CVCL_0293.heldout_molecules/2026-05-26T00-25-11.704695.json
CVCL_0293,heldout_molecules,lasso_baseline_ecfp:2,lasso,ecfp:2,L2,5.100409141268362,0.0017226903058424512,0.01671354473401508,0.3305890192992671,0.45314492948343305,benchmark/benchmark/submissions_tahoe_lfc_heldout_molecules_fresh/expression/pert_prediction_tahoe_regression/CVCL_0293.heldout_molecules/2026-05-26T00-25-57.754189.json
CVCL_0293,heldout_molecules,lasso_baseline_erg,lasso,erg,L2,5.083478518371368,0.0017136954218248386,0.016688486604718684,0.33107357982544455,0.4587992669309042,benchmark/benchmark/submissions_tahoe_lfc_heldout_molecules_fresh/expression/pert_prediction_tahoe_regression/CVCL_0293.heldout_molecules/2026-05-26T00-25-48.109583.json
CVCL_0293,heldout_molecules,lasso_baseline_maccs,lasso,maccs,L2,5.092420817663816,0.0017186663255441678,0.016705067628535405,0.33065305289510977,0.45609234486071776,benchmark/benchmark/submissions_tahoe_lfc_heldout_molecules_fresh/expression/pert_prediction_tahoe_regression/CVCL_0293.heldout_molecules/2026-05-26T00-25-15.572172.json
CVCL_0293,heldout_molecules,lasso_baseline_morgan_initialized_lpm,lasso,morgan_initialized_lpm,L2,5.137876838640218,0.001737614995527147,0.016691039733378408,0.3324733642694959,0.4407781304413551,benchmark/benchmark/submissions_tahoe_lfc_heldout_molecules_fresh/expression/pert_prediction_tahoe_regression/CVCL_0293.heldout_molecules/2026-05-26T00-24-54.238572.json
CVCL_0293,heldout_molecules,lasso_baseline_pca,lasso,pca,L2,2.354980652247804,0.00032528628442167034,0.008970026162671407,0.6835937752897973,0.8954510249840121,benchmark/benchmark/submissions_tahoe_lfc_heldout_molecules_fresh/expression/pert_prediction_tahoe_regression/CVCL_0293.heldout_molecules/2026-05-26T00-25-05.537921.json
CVCL_0293,heldout_molecules,lasso_baseline_random,lasso,random,L2,5.094554478046897,0.0017200120865401675,0.016707944822214427,0.33063387883498446,0.45547646636580214,benchmark/benchmark/submissions_tahoe_lfc_heldout_molecules_fresh/expression/pert_prediction_tahoe_regression/CVCL_0293.heldout_molecules/2026-05-26T00-25-00.487251.json
CVCL_0293,heldout_molecules,lasso_baseline_secfp,lasso,secfp,L2,5.089779493397601,0.001717962679341393,0.01670017249684786,0.33071302931553576,0.45681344591764184,benchmark/benchmark/submissions_tahoe_lfc_heldout_molecules_fresh/expression/pert_prediction_tahoe_regression/CVCL_0293.heldout_molecules/2026-05-26T00-25-48.399310.json
CVCL_0293,heldout_molecules,lasso_baseline_topological,lasso,topological,L2,5.094554478046897,0.0017200120865401675,0.016707944822214427,0.33063387883498446,0.45547646636580214,benchmark/benchmark/submissions_tahoe_lfc_heldout_molecules_fresh/expression/pert_prediction_tahoe_regression/CVCL_0293.heldout_molecules/2026-05-26T00-25-40.453794.json
CVCL_0293,heldout_molecules,lasso_baseline_unimol2-570m-H,lasso,unimol2-570m-H,L2,5.093817249426364,0.0017195551339540226,0.01670749843275738,0.33063401481396193,0.4554731902911193,benchmark/benchmark/submissions_tahoe_lfc_heldout_molecules_fresh/expression/pert_prediction_tahoe_regression/CVCL_0293.heldout_molecules/2026-05-26T00-26-00.566798.json
CVCL_0320,heldout_molecules,knn_baseline_ChemBERTa-77M-MLM,knn,ChemBERTa-77M-MLM,L2,5.776112178828666,0.002148640630947917,0.017989165457327663,0.3248674441530016,0.44005629140985625,benchmark/benchmark/submissions_tahoe_lfc_heldout_molecules_fresh/expression/pert_prediction_tahoe_regression/CVCL_0320.heldout_molecules/2026-05-26T00-26-14.711310.json
CVCL_0320,heldout_molecules,knn_baseline_ChemBERTa-77M-MTR,knn,ChemBERTa-77M-MTR,L2,5.7174114908705524,0.002129898754202844,0.017816376375587778,0.3399247878821568,0.4610477636460592,benchmark/benchmark/submissions_tahoe_lfc_heldout_molecules_fresh/expression/pert_prediction_tahoe_regression/CVCL_0320.heldout_molecules/2026-05-26T00-26-09.317832.json
CVCL_0320,heldout_molecules,knn_baseline_MiniMol,knn,MiniMol,L2,5.648279290251725,0.0020825106587706215,0.017622803513124122,0.3570592701466685,0.4824912689047146,benchmark/benchmark/submissions_tahoe_lfc_heldout_molecules_fresh/expression/pert_prediction_tahoe_regression/CVCL_0320.heldout_molecules/2026-05-26T00-26-29.191929.json
CVCL_0320,heldout_molecules,knn_baseline_MolT5,knn,MolT5,L2,5.748659533288727,0.0021336726955747056,0.017902736829695294,0.3340797493106149,0.44924910537716034,benchmark/benchmark/submissions_tahoe_lfc_heldout_molecules_fresh/expression/pert_prediction_tahoe_regression/CVCL_0320.heldout_molecules/2026-05-26T00-26-57.528362.json
CVCL_0320,heldout_molecules,knn_baseline_avalon,knn,avalon,L2,5.723969018301698,0.002147271464327551,0.01782967759839171,0.3411068747523345,0.45954047442948925,benchmark/benchmark/submissions_tahoe_lfc_heldout_molecules_fresh/expression/pert_prediction_tahoe_regression/CVCL_0320.heldout_molecules/2026-05-26T00-27-04.891252.json
CVCL_0320,heldout_molecules,knn_baseline_boltz_affinity_pred_value_fragment,knn,boltz_affinity_pred_value_fragment,L2,5.694816024205866,0.0021108662633704633,0.01775671916331024,0.3464168847023763,0.46889156572948376,benchmark/benchmark/submissions_tahoe_lfc_heldout_molecules_fresh/expression/pert_prediction_tahoe_regression/CVCL_0320.heldout_molecules/2026-05-26T00-26-32.147601.json
CVCL_0320,heldout_molecules,knn_baseline_boltz_affinity_pred_value_protein,knn,boltz_affinity_pred_value_protein,L2,5.707363902749326,0.00212201276034015,0.017803111818953023,0.34138407445785085,0.4645015256011404,benchmark/benchmark/submissions_tahoe_lfc_heldout_molecules_fresh/expression/pert_prediction_tahoe_regression/CVCL_0320.heldout_molecules/2026-05-26T00-26-57.862290.json
CVCL_0320,heldout_molecules,knn_baseline_chatgpt,knn,chatgpt,L2,5.715131224036028,0.0021063493442642057,0.017858934294618916,0.3333340297600095,0.4582723099785174,benchmark/benchmark/submissions_tahoe_lfc_heldout_molecules_fresh/expression/pert_prediction_tahoe_regression/CVCL_0320.heldout_molecules/2026-05-26T00-26-15.082132.json
CVCL_0320,heldout_molecules,knn_baseline_ecfp:2,knn,ecfp:2,L2,5.708677485009183,0.0021331307796241578,0.017790629413205663,0.34227222701372667,0.4629635227945161,benchmark/benchmark/submissions_tahoe_lfc_heldout_molecules_fresh/expression/pert_prediction_tahoe_regression/CVCL_0320.heldout_molecules/2026-05-26T00-27-04.552864.json
CVCL_0320,heldout_molecules,knn_baseline_erg,knn,erg,L2,5.720644817651075,0.002133926890170856,0.017847237975138056,0.3377014365732411,0.45776321290373995,benchmark/benchmark/submissions_tahoe_lfc_heldout_molecules_fresh/expression/pert_prediction_tahoe_regression/CVCL_0320.heldout_molecules/2026-05-26T00-26-57.248855.json
CVCL_0320,heldout_molecules,knn_baseline_maccs,knn,maccs,L2,5.716886382483237,0.00213285900667368,0.0178096724747663,0.34269654088931956,0.46119358994504717,benchmark/benchmark/submissions_tahoe_lfc_heldout_molecules_fresh/expression/pert_prediction_tahoe_regression/CVCL_0320.heldout_molecules/2026-05-26T00-26-19.691003.json
CVCL_0320,heldout_molecules,knn_baseline_morgan_initialized_lpm,knn,morgan_initialized_lpm,L2,5.760178666045854,0.002178348821115041,0.017942226279806035,0.32635462334846443,0.43880392637863247,benchmark/benchmark/submissions_tahoe_lfc_heldout_molecules_fresh/expression/pert_prediction_tahoe_regression/CVCL_0320.heldout_molecules/2026-05-26T00-26-08.579384.json
CVCL_0320,heldout_molecules,knn_baseline_pca,knn,pca,L2,3.830891485394276,0.0011526399135703945,0.01226306731496853,0.6363875969760208,0.8033389914188386,benchmark/benchmark/submissions_tahoe_lfc_heldout_molecules_fresh/expression/pert_prediction_tahoe_regression/CVCL_0320.heldout_molecules/2026-05-26T00-26-08.644954.json
CVCL_0320,heldout_molecules,knn_baseline_random,knn,random,L2,5.748005058982801,0.0021516983030339617,0.017870221761431333,0.3364257185064153,0.45135923539372014,benchmark/benchmark/submissions_tahoe_lfc_heldout_molecules_fresh/expression/pert_prediction_tahoe_regression/CVCL_0320.heldout_molecules/2026-05-26T00-26-08.706180.json
CVCL_0320,heldout_molecules,knn_baseline_secfp,knn,secfp,L2,5.736362896073971,0.002168731895603483,0.017850078288071294,0.33976838228412964,0.4583312923283711,benchmark/benchmark/submissions_tahoe_lfc_heldout_molecules_fresh/expression/pert_prediction_tahoe_regression/CVCL_0320.heldout_molecules/2026-05-26T00-26-59.025410.json
CVCL_0320,heldout_molecules,knn_baseline_topological,knn,topological,L2,5.747150057688785,0.002161035613391726,0.017901187024113863,0.3356365538961137,0.4524445613915874,benchmark/benchmark/submissions_tahoe_lfc_heldout_molecules_fresh/expression/pert_prediction_tahoe_regression/CVCL_0320.heldout_molecules/2026-05-26T00-26-26.306120.json
CVCL_0320,heldout_molecules,knn_baseline_unimol2-570m-H,knn,unimol2-570m-H,L2,5.742952268667059,0.0021349007254769826,0.017913994048666237,0.33197388242059456,0.451869175854482,benchmark/benchmark/submissions_tahoe_lfc_heldout_molecules_fresh/expression/pert_prediction_tahoe_regression/CVCL_0320.heldout_molecules/2026-05-26T00-27-10.440185.json
CVCL_0320,heldout_molecules,lasso_baseline_ChemBERTa-77M-MLM,lasso,ChemBERTa-77M-MLM,L2,5.710922214621459,0.0021267153091638173,0.017792375191094868,0.34189742761895775,0.4627931149865989,benchmark/benchmark/submissions_tahoe_lfc_heldout_molecules_fresh/expression/pert_prediction_tahoe_regression/CVCL_0320.heldout_molecules/2026-05-26T00-26-30.226081.json
CVCL_0320,heldout_molecules,lasso_baseline_ChemBERTa-77M-MTR,lasso,ChemBERTa-77M-MTR,L2,5.713312920361872,0.00212935189096596,0.017795345781823877,0.34178023203707114,0.46221467012263817,benchmark/benchmark/submissions_tahoe_lfc_heldout_molecules_fresh/expression/pert_prediction_tahoe_regression/CVCL_0320.heldout_molecules/2026-05-26T00-26-23.716589.json
CVCL_0320,heldout_molecules,lasso_baseline_MiniMol,lasso,MiniMol,L2,5.688243888060474,0.0021142941217810515,0.017757458329205236,0.342956145377739,0.46968495804257393,benchmark/benchmark/submissions_tahoe_lfc_heldout_molecules_fresh/expression/pert_prediction_tahoe_regression/CVCL_0320.heldout_molecules/2026-05-26T00-26-40.966248.json
CVCL_0320,heldout_molecules,lasso_baseline_MolT5,lasso,MolT5,L2,5.704983396682116,0.0021197315568468244,0.01778527263881122,0.3421526460179987,0.46334632291479166,benchmark/benchmark/submissions_tahoe_lfc_heldout_molecules_fresh/expression/pert_prediction_tahoe_regression/CVCL_0320.heldout_molecules/2026-05-26T00-27-09.186418.json
CVCL_0320,heldout_molecules,lasso_baseline_avalon,lasso,avalon,L2,5.712164820022943,0.002122989731634338,0.017803079066046737,0.34165203894953655,0.46063847295905647,benchmark/benchmark/submissions_tahoe_lfc_heldout_molecules_fresh/expression/pert_prediction_tahoe_regression/CVCL_0320.heldout_molecules/2026-05-26T00-27-20.438977.json
CVCL_0320,heldout_molecules,lasso_baseline_boltz_affinity_pred_value_fragment,lasso,boltz_affinity_pred_value_fragment,L2,5.690973983530735,0.0021153905196028026,0.01775732845806024,0.34406823875065357,0.4709749968110683,benchmark/benchmark/submissions_tahoe_lfc_heldout_molecules_fresh/expression/pert_prediction_tahoe_regression/CVCL_0320.heldout_molecules/2026-05-26T00-26-48.466194.json
CVCL_0320,heldout_molecules,lasso_baseline_boltz_affinity_pred_value_protein,lasso,boltz_affinity_pred_value_protein,L2,5.701055261246564,0.0021216934833129587,0.01778244488451478,0.3427116069335052,0.46699857121412786,benchmark/benchmark/submissions_tahoe_lfc_heldout_molecules_fresh/expression/pert_prediction_tahoe_regression/CVCL_0320.heldout_molecules/2026-05-26T00-27-12.441765.json
CVCL_0320,heldout_molecules,lasso_baseline_chatgpt,lasso,chatgpt,L2,5.670745311490356,0.0020982960736152063,0.01771711245094754,0.344572369291766,0.4726109780856326,benchmark/benchmark/submissions_tahoe_lfc_heldout_molecules_fresh/expression/pert_prediction_tahoe_regression/CVCL_0320.heldout_molecules/2026-05-26T00-26-27.991113.json
CVCL_0320,heldout_molecules,lasso_baseline_ecfp:2,lasso,ecfp:2,L2,5.717429803859781,0.0021310159661361654,0.017799693573154057,0.34176092805103514,0.46070361176620844,benchmark/benchmark/submissions_tahoe_lfc_heldout_molecules_fresh/expression/pert_prediction_tahoe_regression/CVCL_0320.heldout_molecules/2026-05-26T00-27-17.192186.json
CVCL_0320,heldout_molecules,lasso_baseline_erg,lasso,erg,L2,5.713312920361872,0.00212935189096596,0.017795345781823877,0.34178023203707114,0.46221467012263817,benchmark/benchmark/submissions_tahoe_lfc_heldout_molecules_fresh/expression/pert_prediction_tahoe_regression/CVCL_0320.heldout_molecules/2026-05-26T00-27-12.048119.json
CVCL_0320,heldout_molecules,lasso_baseline_maccs,lasso,maccs,L2,5.711433188993609,0.0021276045156388783,0.017793204352153126,0.3418218813229902,0.4629667707660044,benchmark/benchmark/submissions_tahoe_lfc_heldout_molecules_fresh/expression/pert_prediction_tahoe_regression/CVCL_0320.heldout_molecules/2026-05-26T00-26-35.663250.json
CVCL_0320,heldout_molecules,lasso_baseline_morgan_initialized_lpm,lasso,morgan_initialized_lpm,L2,5.765266596971629,0.00213585785911099,0.017805787756417266,0.34289292214357925,0.4424891163275322,benchmark/benchmark/submissions_tahoe_lfc_heldout_molecules_fresh/expression/pert_prediction_tahoe_regression/CVCL_0320.heldout_molecules/2026-05-26T00-26-23.180136.json
CVCL_0320,heldout_molecules,lasso_baseline_pca,lasso,pca,L2,2.5476311192210894,0.0004499860326437341,0.009292243939746576,0.6818940235494453,0.904685606138177,benchmark/benchmark/submissions_tahoe_lfc_heldout_molecules_fresh/expression/pert_prediction_tahoe_regression/CVCL_0320.heldout_molecules/2026-05-26T00-26-28.191850.json
CVCL_0320,heldout_molecules,lasso_baseline_random,lasso,random,L2,5.713312920361872,0.00212935189096596,0.017795345781823877,0.34178023203707114,0.46221467012263817,benchmark/benchmark/submissions_tahoe_lfc_heldout_molecules_fresh/expression/pert_prediction_tahoe_regression/CVCL_0320.heldout_molecules/2026-05-26T00-26-22.890866.json
CVCL_0320,heldout_molecules,lasso_baseline_secfp,lasso,secfp,L2,5.70889659082004,0.0021257754396356143,0.017788076609368153,0.34211978054417114,0.4635844853881867,benchmark/benchmark/submissions_tahoe_lfc_heldout_molecules_fresh/expression/pert_prediction_tahoe_regression/CVCL_0320.heldout_molecules/2026-05-26T00-27-13.778744.json
CVCL_0320,heldout_molecules,lasso_baseline_topological,lasso,topological,L2,5.713312920361872,0.00212935189096596,0.017795345781823877,0.34178023203707114,0.46221467012263817,benchmark/benchmark/submissions_tahoe_lfc_heldout_molecules_fresh/expression/pert_prediction_tahoe_regression/CVCL_0320.heldout_molecules/2026-05-26T00-26-44.379888.json
CVCL_0320,heldout_molecules,lasso_baseline_unimol2-570m-H,lasso,unimol2-570m-H,L2,5.71308994491865,0.0021292240217725723,0.017795308143953078,0.3417806415717882,0.4622381522122639,benchmark/benchmark/submissions_tahoe_lfc_heldout_molecules_fresh/expression/pert_prediction_tahoe_regression/CVCL_0320.heldout_molecules/2026-05-26T00-27-23.043910.json
CVCL_0332,heldout_molecules,knn_baseline_ChemBERTa-77M-MLM,knn,ChemBERTa-77M-MLM,L2,6.399528638633448,0.0025797503776710667,0.020153275861831767,0.31839890901045836,0.4014811315806769,benchmark/benchmark/submissions_tahoe_lfc_heldout_molecules_fresh/expression/pert_prediction_tahoe_regression/CVCL_0332.heldout_molecules/2026-05-26T00-27-48.493559.json
CVCL_0332,heldout_molecules,knn_baseline_ChemBERTa-77M-MTR,knn,ChemBERTa-77M-MTR,L2,6.3435294518703405,0.002562146589395829,0.01997111564588794,0.3316392478925362,0.41769462063336205,benchmark/benchmark/submissions_tahoe_lfc_heldout_molecules_fresh/expression/pert_prediction_tahoe_regression/CVCL_0332.heldout_molecules/2026-05-26T00-27-48.322343.json
CVCL_0332,heldout_molecules,knn_baseline_MiniMol,knn,MiniMol,L2,6.263770131701296,0.0025001438630931636,0.0197660713800565,0.3488443984375725,0.44364115519697195,benchmark/benchmark/submissions_tahoe_lfc_heldout_molecules_fresh/expression/pert_prediction_tahoe_regression/CVCL_0332.heldout_molecules/2026-05-26T00-27-54.427247.json
CVCL_0332,heldout_molecules,knn_baseline_MolT5,knn,MolT5,L2,6.39055733381882,0.002580230236934774,0.020112868882965852,0.3227487657703287,0.40477008965358474,benchmark/benchmark/submissions_tahoe_lfc_heldout_molecules_fresh/expression/pert_prediction_tahoe_regression/CVCL_0332.heldout_molecules/2026-05-26T00-28-36.502478.json
CVCL_0332,heldout_molecules,knn_baseline_avalon,knn,avalon,L2,6.340938223126991,0.0025777234620343583,0.019987411923092915,0.32746610189075487,0.41477481020510126,benchmark/benchmark/submissions_tahoe_lfc_heldout_molecules_fresh/expression/pert_prediction_tahoe_regression/CVCL_0332.heldout_molecules/2026-05-26T00-28-37.118643.json
CVCL_0332,heldout_molecules,knn_baseline_boltz_affinity_pred_value_fragment,knn,boltz_affinity_pred_value_fragment,L2,6.314591443364567,0.0025277989407848688,0.01989926686568764,0.3407230957892808,0.4313451964289041,benchmark/benchmark/submissions_tahoe_lfc_heldout_molecules_fresh/expression/pert_prediction_tahoe_regression/CVCL_0332.heldout_molecules/2026-05-26T00-28-00.282996.json
CVCL_0332,heldout_molecules,knn_baseline_boltz_affinity_pred_value_protein,knn,boltz_affinity_pred_value_protein,L2,6.324556242932613,0.002545804458445744,0.019930470062580113,0.3387402737150565,0.428402118622683,benchmark/benchmark/submissions_tahoe_lfc_heldout_molecules_fresh/expression/pert_prediction_tahoe_regression/CVCL_0332.heldout_molecules/2026-05-26T00-28-06.944843.json
CVCL_0332,heldout_molecules,knn_baseline_chatgpt,knn,chatgpt,L2,6.330236915633276,0.0025215722110642396,0.01999370684917,0.327489546927182,0.42235491441604867,benchmark/benchmark/submissions_tahoe_lfc_heldout_molecules_fresh/expression/pert_prediction_tahoe_regression/CVCL_0332.heldout_molecules/2026-05-26T00-27-48.802379.json
CVCL_0332,heldout_molecules,knn_baseline_ecfp:2,knn,ecfp:2,L2,6.292527541113735,0.0025426596532512726,0.019839009036044523,0.33986669716208256,0.4344922440707725,benchmark/benchmark/submissions_tahoe_lfc_heldout_molecules_fresh/expression/pert_prediction_tahoe_regression/CVCL_0332.heldout_molecules/2026-05-26T00-28-36.693526.json
CVCL_0332,heldout_molecules,knn_baseline_erg,knn,erg,L2,6.331423651984999,0.0025611135662303754,0.01996055842421918,0.33133487286124547,0.4201562538582085,benchmark/benchmark/submissions_tahoe_lfc_heldout_molecules_fresh/expression/pert_prediction_tahoe_regression/CVCL_0332.heldout_molecules/2026-05-26T00-28-09.713689.json
CVCL_0332,heldout_molecules,knn_baseline_maccs,knn,maccs,L2,6.3423962315234,0.0025632155485823755,0.01998098498924303,0.3300245004555218,0.4159513746769789,benchmark/benchmark/submissions_tahoe_lfc_heldout_molecules_fresh/expression/pert_prediction_tahoe_regression/CVCL_0332.heldout_molecules/2026-05-26T00-27-48.072393.json
CVCL_0332,heldout_molecules,knn_baseline_morgan_initialized_lpm,knn,morgan_initialized_lpm,L2,6.349477227491136,0.0025932651053776415,0.01999423291679923,0.3284988186644857,0.4103576140803658,benchmark/benchmark/submissions_tahoe_lfc_heldout_molecules_fresh/expression/pert_prediction_tahoe_regression/CVCL_0332.heldout_molecules/2026-05-26T00-27-14.410235.json
CVCL_0332,heldout_molecules,knn_baseline_pca,knn,pca,L2,4.08627211284162,0.001307899954603973,0.013366075108709097,0.6424744116893286,0.8056277597554878,benchmark/benchmark/submissions_tahoe_lfc_heldout_molecules_fresh/expression/pert_prediction_tahoe_regression/CVCL_0332.heldout_molecules/2026-05-26T00-27-18.933843.json
CVCL_0332,heldout_molecules,knn_baseline_random,knn,random,L2,6.34997161688472,0.0025646705157972836,0.020013574754430944,0.32893694662365525,0.4169614631383197,benchmark/benchmark/submissions_tahoe_lfc_heldout_molecules_fresh/expression/pert_prediction_tahoe_regression/CVCL_0332.heldout_molecules/2026-05-26T00-27-17.585880.json
CVCL_0332,heldout_molecules,knn_baseline_secfp,knn,secfp,L2,6.307018651839946,0.0025727939618782514,0.01986434449980393,0.3374584061335145,0.43142979895708294,benchmark/benchmark/submissions_tahoe_lfc_heldout_molecules_fresh/expression/pert_prediction_tahoe_regression/CVCL_0332.heldout_molecules/2026-05-26T00-28-10.467993.json
CVCL_0332,heldout_molecules,knn_baseline_topological,knn,topological,L2,6.324920012867519,0.0025729450790841777,0.01991521432514052,0.33481696873150074,0.4240967345703624,benchmark/benchmark/submissions_tahoe_lfc_heldout_molecules_fresh/expression/pert_prediction_tahoe_regression/CVCL_0332.heldout_molecules/2026-05-26T00-27-55.366935.json
CVCL_0332,heldout_molecules,knn_baseline_unimol2-570m-H,knn,unimol2-570m-H,L2,6.36078432070147,0.0025615336677153717,0.02003716644492009,0.3262452904516494,0.4131950313195231,benchmark/benchmark/submissions_tahoe_lfc_heldout_molecules_fresh/expression/pert_prediction_tahoe_regression/CVCL_0332.heldout_molecules/2026-05-26T00-28-37.030371.json
CVCL_0332,heldout_molecules,lasso_baseline_ChemBERTa-77M-MLM,lasso,ChemBERTa-77M-MLM,L2,6.3128761059248575,0.00254076448648552,0.019870796570398704,0.33852756225598035,0.42727295229754325,benchmark/benchmark/submissions_tahoe_lfc_heldout_molecules_fresh/expression/pert_prediction_tahoe_regression/CVCL_0332.heldout_molecules/2026-05-26T00-28-03.108811.json
CVCL_0332,heldout_molecules,lasso_baseline_ChemBERTa-77M-MTR,lasso,ChemBERTa-77M-MTR,L2,6.300492665348704,0.002534109458291945,0.019851366962516527,0.3389128910460375,0.4317955318892628,benchmark/benchmark/submissions_tahoe_lfc_heldout_molecules_fresh/expression/pert_prediction_tahoe_regression/CVCL_0332.heldout_molecules/2026-05-26T00-28-03.312186.json
CVCL_0332,heldout_molecules,lasso_baseline_MiniMol,lasso,MiniMol,L2,6.301342081496552,0.002533733991740646,0.019851377751713837,0.3390790472425042,0.43130039460122427,benchmark/benchmark/submissions_tahoe_lfc_heldout_molecules_fresh/expression/pert_prediction_tahoe_regression/CVCL_0332.heldout_molecules/2026-05-26T00-28-07.264327.json
CVCL_0332,heldout_molecules,lasso_baseline_MolT5,lasso,MolT5,L2,6.338221516926925,0.002555124466461026,0.019916799115733436,0.3369243541911711,0.4189245029864322,benchmark/benchmark/submissions_tahoe_lfc_heldout_molecules_fresh/expression/pert_prediction_tahoe_regression/CVCL_0332.heldout_molecules/2026-05-26T00-28-47.049087.json
CVCL_0332,heldout_molecules,lasso_baseline_avalon,lasso,avalon,L2,6.329358996363954,0.0025428913230102585,0.01990537458271199,0.3377019331699429,0.42201431691070995,benchmark/benchmark/submissions_tahoe_lfc_heldout_molecules_fresh/expression/pert_prediction_tahoe_regression/CVCL_0332.heldout_molecules/2026-05-26T00-28-52.159010.json
CVCL_0332,heldout_molecules,lasso_baseline_boltz_affinity_pred_value_fragment,lasso,boltz_affinity_pred_value_fragment,L2,6.286122530093071,0.0025247727210361637,0.019831270481295467,0.3406454194017324,0.43855593917135194,benchmark/benchmark/submissions_tahoe_lfc_heldout_molecules_fresh/expression/pert_prediction_tahoe_regression/CVCL_0332.heldout_molecules/2026-05-26T00-28-16.993606.json
CVCL_0332,heldout_molecules,lasso_baseline_boltz_affinity_pred_value_protein,lasso,boltz_affinity_pred_value_protein,L2,6.291318454280717,0.0025288066597570717,0.019842185618716056,0.3401951155321524,0.43639677816951733,benchmark/benchmark/submissions_tahoe_lfc_heldout_molecules_fresh/expression/pert_prediction_tahoe_regression/CVCL_0332.heldout_molecules/2026-05-26T00-28-21.710322.json
CVCL_0332,heldout_molecules,lasso_baseline_chatgpt,lasso,chatgpt,L2,6.290438549954503,0.002521007117418449,0.01981907453199588,0.34055565512808483,0.4332250534169301,benchmark/benchmark/submissions_tahoe_lfc_heldout_molecules_fresh/expression/pert_prediction_tahoe_regression/CVCL_0332.heldout_molecules/2026-05-26T00-28-00.546634.json
CVCL_0332,heldout_molecules,lasso_baseline_ecfp:2,lasso,ecfp:2,L2,6.320237452629343,0.002548238289003133,0.019884903326266065,0.33828399369523565,0.4262264644681892,benchmark/benchmark/submissions_tahoe_lfc_heldout_molecules_fresh/expression/pert_prediction_tahoe_regression/CVCL_0332.heldout_molecules/2026-05-26T00-28-47.670624.json
CVCL_0332,heldout_molecules,lasso_baseline_erg,lasso,erg,L2,6.31172169552108,0.0025433949491875957,0.019867198486445067,0.3384577186029758,0.4280792914647004,benchmark/benchmark/submissions_tahoe_lfc_heldout_molecules_fresh/expression/pert_prediction_tahoe_regression/CVCL_0332.heldout_molecules/2026-05-26T00-28-27.090435.json
CVCL_0332,heldout_molecules,lasso_baseline_maccs,lasso,maccs,L2,6.311088874421104,0.0025428243277207763,0.01986651029491529,0.3384779934224547,0.4281826195128213,benchmark/benchmark/submissions_tahoe_lfc_heldout_molecules_fresh/expression/pert_prediction_tahoe_regression/CVCL_0332.heldout_molecules/2026-05-26T00-28-02.477084.json
CVCL_0332,heldout_molecules,lasso_baseline_morgan_initialized_lpm,lasso,morgan_initialized_lpm,L2,6.447503484314503,0.002593628122733143,0.020028041648595014,0.3365241826946458,0.39566909106639575,benchmark/benchmark/submissions_tahoe_lfc_heldout_molecules_fresh/expression/pert_prediction_tahoe_regression/CVCL_0332.heldout_molecules/2026-05-26T00-27-30.580350.json
CVCL_0332,heldout_molecules,lasso_baseline_pca,lasso,pca,L2,2.7102938789486624,0.00047325477399383245,0.010157800907418076,0.6944152334413372,0.9084717923257031,benchmark/benchmark/submissions_tahoe_lfc_heldout_molecules_fresh/expression/pert_prediction_tahoe_regression/CVCL_0332.heldout_molecules/2026-05-26T00-27-39.466964.json
CVCL_0332,heldout_molecules,lasso_baseline_random,lasso,random,L2,6.31172169552108,0.0025433949491875957,0.019867198486445067,0.3384577186029758,0.4280792914647004,benchmark/benchmark/submissions_tahoe_lfc_heldout_molecules_fresh/expression/pert_prediction_tahoe_regression/CVCL_0332.heldout_molecules/2026-05-26T00-27-32.129368.json
CVCL_0332,heldout_molecules,lasso_baseline_secfp,lasso,secfp,L2,6.311421907247649,0.0025417831250262395,0.01986757213746639,0.3388030745718595,0.4285377654545134,benchmark/benchmark/submissions_tahoe_lfc_heldout_molecules_fresh/expression/pert_prediction_tahoe_regression/CVCL_0332.heldout_molecules/2026-05-26T00-28-24.998764.json
CVCL_0332,heldout_molecules,lasso_baseline_topological,lasso,topological,L2,6.314271656097593,0.0025397365581177438,0.019872310562649556,0.3386789591135279,0.4276317957145014,benchmark/benchmark/submissions_tahoe_lfc_heldout_molecules_fresh/expression/pert_prediction_tahoe_regression/CVCL_0332.heldout_molecules/2026-05-26T00-28-11.330881.json
CVCL_0332,heldout_molecules,lasso_baseline_unimol2-570m-H,lasso,unimol2-570m-H,L2,6.3115107207129,0.002543330257651736,0.01986678164062538,0.33846605571738597,0.4281408758090806,benchmark/benchmark/submissions_tahoe_lfc_heldout_molecules_fresh/expression/pert_prediction_tahoe_regression/CVCL_0332.heldout_molecules/2026-05-26T00-28-48.118264.json
CVCL_0334,heldout_molecules,knn_baseline_ChemBERTa-77M-MLM,knn,ChemBERTa-77M-MLM,L2,5.395222601256042,0.0018734662137640508,0.016968355979740717,0.2958680621915562,0.39692734417334535,benchmark/benchmark/submissions_tahoe_lfc_heldout_molecules_fresh/expression/pert_prediction_tahoe_regression/CVCL_0334.heldout_molecules/2026-05-26T00-28-53.509289.json
CVCL_0334,heldout_molecules,knn_baseline_ChemBERTa-77M-MTR,knn,ChemBERTa-77M-MTR,L2,5.3168231343851815,0.0018456617853487426,0.016726896144387673,0.31354993673721776,0.4234319919547812,benchmark/benchmark/submissions_tahoe_lfc_heldout_molecules_fresh/expression/pert_prediction_tahoe_regression/CVCL_0334.heldout_molecules/2026-05-26T00-28-52.576099.json
CVCL_0334,heldout_molecules,knn_baseline_MiniMol,knn,MiniMol,L2,5.255604232666598,0.0018036361237344942,0.01653237872783821,0.3338843291569842,0.4454765562786956,benchmark/benchmark/submissions_tahoe_lfc_heldout_molecules_fresh/expression/pert_prediction_tahoe_regression/CVCL_0334.heldout_molecules/2026-05-26T00-29-18.829128.json
CVCL_0334,heldout_molecules,knn_baseline_MolT5,knn,MolT5,L2,5.364642379612494,0.0018591239312100794,0.016853101922052863,0.3069435330525477,0.4087545693817106,benchmark/benchmark/submissions_tahoe_lfc_heldout_molecules_fresh/expression/pert_prediction_tahoe_regression/CVCL_0334.heldout_molecules/2026-05-26T00-29-35.882122.json
CVCL_0334,heldout_molecules,knn_baseline_avalon,knn,avalon,L2,5.310920778728921,0.0018636322288824866,0.016678030756296112,0.32035180914669475,0.42309956112292496,benchmark/benchmark/submissions_tahoe_lfc_heldout_molecules_fresh/expression/pert_prediction_tahoe_regression/CVCL_0334.heldout_molecules/2026-05-26T00-29-40.514555.json
CVCL_0334,heldout_molecules,knn_baseline_boltz_affinity_pred_value_fragment,knn,boltz_affinity_pred_value_fragment,L2,5.287291054995977,0.001821601455563916,0.016609655273021898,0.32958795267089785,0.4366054128260091,benchmark/benchmark/submissions_tahoe_lfc_heldout_molecules_fresh/expression/pert_prediction_tahoe_regression/CVCL_0334.heldout_molecules/2026-05-26T00-29-19.397283.json
CVCL_0334,heldout_molecules,knn_baseline_boltz_affinity_pred_value_protein,knn,boltz_affinity_pred_value_protein,L2,5.302094858346143,0.0018356567797185022,0.016667735835061218,0.3243104917368401,0.43143839878731555,benchmark/benchmark/submissions_tahoe_lfc_heldout_molecules_fresh/expression/pert_prediction_tahoe_regression/CVCL_0334.heldout_molecules/2026-05-26T00-29-25.001819.json
CVCL_0334,heldout_molecules,knn_baseline_chatgpt,knn,chatgpt,L2,5.381608843323002,0.0018570934586668523,0.016975401608139658,0.29668183946649435,0.4059270631395226,benchmark/benchmark/submissions_tahoe_lfc_heldout_molecules_fresh/expression/pert_prediction_tahoe_regression/CVCL_0334.heldout_molecules/2026-05-26T00-28-57.743153.json
CVCL_0334,heldout_molecules,knn_baseline_ecfp:2,knn,ecfp:2,L2,5.330558178181893,0.0018577012980348863,0.016744845962907807,0.31321313789751326,0.4179657376848376,benchmark/benchmark/submissions_tahoe_lfc_heldout_molecules_fresh/expression/pert_prediction_tahoe_regression/CVCL_0334.heldout_molecules/2026-05-26T00-29-41.238189.json
CVCL_0334,heldout_molecules,knn_baseline_erg,knn,erg,L2,5.310215860371923,0.0018460646497678943,0.01668973919743923,0.3194016912409586,0.4242247804673898,benchmark/benchmark/submissions_tahoe_lfc_heldout_molecules_fresh/expression/pert_prediction_tahoe_regression/CVCL_0334.heldout_molecules/2026-05-26T00-29-30.387881.json
CVCL_0334,heldout_molecules,knn_baseline_maccs,knn,maccs,L2,5.306414229833601,0.001845793864209064,0.01665895037108534,0.3229603578314414,0.42603846944043694,benchmark/benchmark/submissions_tahoe_lfc_heldout_molecules_fresh/expression/pert_prediction_tahoe_regression/CVCL_0334.heldout_molecules/2026-05-26T00-29-18.469570.json
CVCL_0334,heldout_molecules,knn_baseline_morgan_initialized_lpm,knn,morgan_initialized_lpm,L2,5.323482611546498,0.001866248172815483,0.016708863505928647,0.3170550103387076,0.41399538885783577,benchmark/benchmark/submissions_tahoe_lfc_heldout_molecules_fresh/expression/pert_prediction_tahoe_regression/CVCL_0334.heldout_molecules/2026-05-26T00-28-42.008088.json
CVCL_0334,heldout_molecules,knn_baseline_pca,knn,pca,L2,3.681462069549242,0.001047243582324288,0.012061712709630223,0.6134757189472169,0.7834541495089081,benchmark/benchmark/submissions_tahoe_lfc_heldout_molecules_fresh/expression/pert_prediction_tahoe_regression/CVCL_0334.heldout_molecules/2026-05-26T00-28-46.818313.json
CVCL_0334,heldout_molecules,knn_baseline_random,knn,random,L2,5.317466244127391,0.0018470467338150556,0.016730219238033663,0.31280050153374633,0.4235569152432181,benchmark/benchmark/submissions_tahoe_lfc_heldout_molecules_fresh/expression/pert_prediction_tahoe_regression/CVCL_0334.heldout_molecules/2026-05-26T00-28-42.459765.json
CVCL_0334,heldout_molecules,knn_baseline_secfp,knn,secfp,L2,5.298755385791196,0.0018672420756343218,0.01663246011481957,0.32336180097800793,0.4291603610298651,benchmark/benchmark/submissions_tahoe_lfc_heldout_molecules_fresh/expression/pert_prediction_tahoe_regression/CVCL_0334.heldout_molecules/2026-05-26T00-29-26.673972.json
CVCL_0334,heldout_molecules,knn_baseline_topological,knn,topological,L2,5.315367486152951,0.001864568656844399,0.016703830429465095,0.31704302433128184,0.4217510207507737,benchmark/benchmark/submissions_tahoe_lfc_heldout_molecules_fresh/expression/pert_prediction_tahoe_regression/CVCL_0334.heldout_molecules/2026-05-26T00-29-19.741231.json
CVCL_0334,heldout_molecules,knn_baseline_unimol2-570m-H,knn,unimol2-570m-H,L2,5.338365055616274,0.0018494915650469677,0.01676929754283274,0.3121374534788995,0.4151404566087449,benchmark/benchmark/submissions_tahoe_lfc_heldout_molecules_fresh/expression/pert_prediction_tahoe_regression/CVCL_0334.heldout_molecules/2026-05-26T00-30-05.193915.json
CVCL_0334,heldout_molecules,lasso_baseline_ChemBERTa-77M-MLM,lasso,ChemBERTa-77M-MLM,L2,5.310681936297772,0.001845409565100529,0.016687088264485204,0.31713395670988737,0.42521353354338565,benchmark/benchmark/submissions_tahoe_lfc_heldout_molecules_fresh/expression/pert_prediction_tahoe_regression/CVCL_0334.heldout_molecules/2026-05-26T00-29-08.983839.json
CVCL_0334,heldout_molecules,lasso_baseline_ChemBERTa-77M-MTR,lasso,ChemBERTa-77M-MTR,L2,5.300428985116124,0.0018396757087930787,0.01667277607314983,0.31743045968223643,0.4294595801247366,benchmark/benchmark/submissions_tahoe_lfc_heldout_molecules_fresh/expression/pert_prediction_tahoe_regression/CVCL_0334.heldout_molecules/2026-05-26T00-29-07.447577.json
CVCL_0334,heldout_molecules,lasso_baseline_MiniMol,lasso,MiniMol,L2,5.2926432178242475,0.0018359124479367858,0.016657236474139737,0.3182329655159949,0.4317133163645271,benchmark/benchmark/submissions_tahoe_lfc_heldout_molecules_fresh/expression/pert_prediction_tahoe_regression/CVCL_0334.heldout_molecules/2026-05-26T00-29-29.893285.json
CVCL_0334,heldout_molecules,lasso_baseline_MolT5,lasso,MolT5,L2,5.307701330840725,0.0018403959647459599,0.016676938760292394,0.31766261511635857,0.4255516450682455,benchmark/benchmark/submissions_tahoe_lfc_heldout_molecules_fresh/expression/pert_prediction_tahoe_regression/CVCL_0334.heldout_molecules/2026-05-26T00-29-48.276495.json
CVCL_0334,heldout_molecules,lasso_baseline_avalon,lasso,avalon,L2,5.3196279558459825,0.0018457368614132517,0.016698048135529754,0.3172878652886593,0.4219502632929326,benchmark/benchmark/submissions_tahoe_lfc_heldout_molecules_fresh/expression/pert_prediction_tahoe_regression/CVCL_0334.heldout_molecules/2026-05-26T00-29-56.227994.json
CVCL_0334,heldout_molecules,lasso_baseline_boltz_affinity_pred_value_fragment,lasso,boltz_affinity_pred_value_fragment,L2,5.281404994443623,0.0018291803896917386,0.01662313314761702,0.32196656275587854,0.4372068285447615,benchmark/benchmark/submissions_tahoe_lfc_heldout_molecules_fresh/expression/pert_prediction_tahoe_regression/CVCL_0334.heldout_molecules/2026-05-26T00-29-34.710715.json
CVCL_0334,heldout_molecules,lasso_baseline_boltz_affinity_pred_value_protein,lasso,boltz_affinity_pred_value_protein,L2,5.289811371789348,0.0018348173584536835,0.016646169305393522,0.32027890754208954,0.4337746616713763,benchmark/benchmark/submissions_tahoe_lfc_heldout_molecules_fresh/expression/pert_prediction_tahoe_regression/CVCL_0334.heldout_molecules/2026-05-26T00-29-41.364072.json
CVCL_0334,heldout_molecules,lasso_baseline_chatgpt,lasso,chatgpt,L2,5.285827554918729,0.0018266652893147313,0.01662746256670772,0.3202023948168334,0.4337280218366877,benchmark/benchmark/submissions_tahoe_lfc_heldout_molecules_fresh/expression/pert_prediction_tahoe_regression/CVCL_0334.heldout_molecules/2026-05-26T00-29-09.946168.json
CVCL_0334,heldout_molecules,lasso_baseline_ecfp:2,lasso,ecfp:2,L2,5.317980171686875,0.0018503179623848229,0.016695432153170087,0.31693274993129555,0.42291727735513346,benchmark/benchmark/submissions_tahoe_lfc_heldout_molecules_fresh/expression/pert_prediction_tahoe_regression/CVCL_0334.heldout_molecules/2026-05-26T00-29-53.307752.json
CVCL_0334,heldout_molecules,lasso_baseline_erg,lasso,erg,L2,5.313379874028759,0.0018483051414888458,0.016690148913595222,0.3169867510014902,0.4245985189769928,benchmark/benchmark/submissions_tahoe_lfc_heldout_molecules_fresh/expression/pert_prediction_tahoe_regression/CVCL_0334.heldout_molecules/2026-05-26T00-29-47.941930.json
CVCL_0334,heldout_molecules,lasso_baseline_maccs,lasso,maccs,L2,5.312679231532059,0.0018475787099714687,0.0166890309954216,0.3169501922496861,0.4247645392209321,benchmark/benchmark/submissions_tahoe_lfc_heldout_molecules_fresh/expression/pert_prediction_tahoe_regression/CVCL_0334.heldout_molecules/2026-05-26T00-29-32.863817.json
CVCL_0334,heldout_molecules,lasso_baseline_morgan_initialized_lpm,lasso,morgan_initialized_lpm,L2,5.391121334029484,0.0018608638392244364,0.01673340174398098,0.3198970635118167,0.4039298018406492,benchmark/benchmark/submissions_tahoe_lfc_heldout_molecules_fresh/expression/pert_prediction_tahoe_regression/CVCL_0334.heldout_molecules/2026-05-26T00-28-57.359725.json
CVCL_0334,heldout_molecules,lasso_baseline_pca,lasso,pca,L2,2.6196074113114562,0.000497237333270749,0.00962385775828828,0.6543676005329272,0.8838431055240499,benchmark/benchmark/submissions_tahoe_lfc_heldout_molecules_fresh/expression/pert_prediction_tahoe_regression/CVCL_0334.heldout_molecules/2026-05-26T00-29-09.673748.json
CVCL_0334,heldout_molecules,lasso_baseline_random,lasso,random,L2,5.313379874028759,0.0018483051414888458,0.016690148913595222,0.3169867510014902,0.4245985189769928,benchmark/benchmark/submissions_tahoe_lfc_heldout_molecules_fresh/expression/pert_prediction_tahoe_regression/CVCL_0334.heldout_molecules/2026-05-26T00-28-57.436659.json
CVCL_0334,heldout_molecules,lasso_baseline_secfp,lasso,secfp,L2,5.310943953605923,0.0018463594453283166,0.016683780405469466,0.31734864394291085,0.42530194514338876,benchmark/benchmark/submissions_tahoe_lfc_heldout_molecules_fresh/expression/pert_prediction_tahoe_regression/CVCL_0334.heldout_molecules/2026-05-26T00-29-42.982366.json
CVCL_0334,heldout_molecules,lasso_baseline_topological,lasso,topological,L2,5.312419421748191,0.0018447079022676897,0.016687375009711687,0.31717107767073816,0.42477912443463156,benchmark/benchmark/submissions_tahoe_lfc_heldout_molecules_fresh/expression/pert_prediction_tahoe_regression/CVCL_0334.heldout_molecules/2026-05-26T00-29-34.412131.json
CVCL_0334,heldout_molecules,lasso_baseline_unimol2-570m-H,lasso,unimol2-570m-H,L2,5.313306367830623,0.0018482355644214798,0.016690222847161318,0.31698394554737797,0.42460470807506856,benchmark/benchmark/submissions_tahoe_lfc_heldout_molecules_fresh/expression/pert_prediction_tahoe_regression/CVCL_0334.heldout_molecules/2026-05-26T00-30-15.913659.json
CVCL_0359,heldout_molecules,knn_baseline_ChemBERTa-77M-MLM,knn,ChemBERTa-77M-MLM,L2,5.712464790914013,0.002038009110199689,0.018469150929495227,0.34318211230443296,0.43690472191131857,benchmark/benchmark/submissions_tahoe_lfc_heldout_molecules_fresh/expression/pert_prediction_tahoe_regression/CVCL_0359.heldout_molecules/2026-05-26T00-30-10.814116.json
CVCL_0359,heldout_molecules,knn_baseline_ChemBERTa-77M-MTR,knn,ChemBERTa-77M-MTR,L2,5.637700177575332,0.0020133625533136014,0.018196095832162227,0.36152469661678416,0.46176298130353005,benchmark/benchmark/submissions_tahoe_lfc_heldout_molecules_fresh/expression/pert_prediction_tahoe_regression/CVCL_0359.heldout_molecules/2026-05-26T00-30-10.400439.json
CVCL_0359,heldout_molecules,knn_baseline_MiniMol,knn,MiniMol,L2,5.587842541904309,0.0019767179639560034,0.018067864234444207,0.37269885570454936,0.4780927380080848,benchmark/benchmark/submissions_tahoe_lfc_heldout_molecules_fresh/expression/pert_prediction_tahoe_regression/CVCL_0359.heldout_molecules/2026-05-26T00-30-26.847391.json
CVCL_0359,heldout_molecules,knn_baseline_MolT5,knn,MolT5,L2,5.694407304415718,0.0020284995430197117,0.018389288577805557,0.3494680075033691,0.443515500106986,benchmark/benchmark/submissions_tahoe_lfc_heldout_molecules_fresh/expression/pert_prediction_tahoe_regression/CVCL_0359.heldout_molecules/2026-05-26T00-30-56.775470.json
CVCL_0359,heldout_molecules,knn_baseline_avalon,knn,avalon,L2,5.648548543281572,0.0020417798759572487,0.018215372160439666,0.359033455912237,0.45854711402554865,benchmark/benchmark/submissions_tahoe_lfc_heldout_molecules_fresh/expression/pert_prediction_tahoe_regression/CVCL_0359.heldout_molecules/2026-05-26T00-30-58.383521.json
CVCL_0359,heldout_molecules,knn_baseline_boltz_affinity_pred_value_fragment,knn,boltz_affinity_pred_value_fragment,L2,5.632583420611976,0.002003325347885411,0.018194571238901804,0.36506735847598987,0.46599653965540055,benchmark/benchmark/submissions_tahoe_lfc_heldout_molecules_fresh/expression/pert_prediction_tahoe_regression/CVCL_0359.heldout_molecules/2026-05-26T00-30-50.547747.json
CVCL_0359,heldout_molecules,knn_baseline_boltz_affinity_pred_value_protein,knn,boltz_affinity_pred_value_protein,L2,5.641944566407344,0.0020162334923307284,0.018224598987455556,0.36246777764796084,0.4627101955581144,benchmark/benchmark/submissions_tahoe_lfc_heldout_molecules_fresh/expression/pert_prediction_tahoe_regression/CVCL_0359.heldout_molecules/2026-05-26T00-30-50.922643.json
CVCL_0359,heldout_molecules,knn_baseline_chatgpt,knn,chatgpt,L2,5.628896225987066,0.001973506062135077,0.01826401952159231,0.3562795898291628,0.4610912237052252,benchmark/benchmark/submissions_tahoe_lfc_heldout_molecules_fresh/expression/pert_prediction_tahoe_regression/CVCL_0359.heldout_molecules/2026-05-26T00-30-15.981438.json
CVCL_0359,heldout_molecules,knn_baseline_ecfp:2,knn,ecfp:2,L2,5.625035896539052,0.0020131748588715407,0.018161698854296558,0.3630231199365319,0.4646675976428375,benchmark/benchmark/submissions_tahoe_lfc_heldout_molecules_fresh/expression/pert_prediction_tahoe_regression/CVCL_0359.heldout_molecules/2026-05-26T00-31-02.854661.json
CVCL_0359,heldout_molecules,knn_baseline_erg,knn,erg,L2,5.645564811222438,0.0020237774999564465,0.01825137691013866,0.35783143780263893,0.46041766478352475,benchmark/benchmark/submissions_tahoe_lfc_heldout_molecules_fresh/expression/pert_prediction_tahoe_regression/CVCL_0359.heldout_molecules/2026-05-26T00-30-50.320403.json
CVCL_0359,heldout_molecules,knn_baseline_maccs,knn,maccs,L2,5.64142378977542,0.0020186073416591033,0.018216069031254094,0.3612960523753203,0.4603158489194993,benchmark/benchmark/submissions_tahoe_lfc_heldout_molecules_fresh/expression/pert_prediction_tahoe_regression/CVCL_0359.heldout_molecules/2026-05-26T00-30-21.229735.json
CVCL_0359,heldout_molecules,knn_baseline_morgan_initialized_lpm,knn,morgan_initialized_lpm,L2,5.669374622933676,0.0020591286157874535,0.0183025150654001,0.35136056875619387,0.4447586633862056,benchmark/benchmark/submissions_tahoe_lfc_heldout_molecules_fresh/expression/pert_prediction_tahoe_regression/CVCL_0359.heldout_molecules/2026-05-26T00-30-04.555475.json
CVCL_0359,heldout_molecules,knn_baseline_pca,knn,pca,L2,3.7227226490199503,0.0010410738532659295,0.01219847262192002,0.6581805203617987,0.8048609339563362,benchmark/benchmark/submissions_tahoe_lfc_heldout_molecules_fresh/expression/pert_prediction_tahoe_regression/CVCL_0359.heldout_molecules/2026-05-26T00-30-04.951914.json
CVCL_0359,heldout_molecules,knn_baseline_random,knn,random,L2,5.669791940465366,0.0020464589898094476,0.018280483618482776,0.353006202841372,0.4470892301415215,benchmark/benchmark/submissions_tahoe_lfc_heldout_molecules_fresh/expression/pert_prediction_tahoe_regression/CVCL_0359.heldout_molecules/2026-05-26T00-30-04.906062.json
CVCL_0359,heldout_molecules,knn_baseline_secfp,knn,secfp,L2,5.6571105490975695,0.002059101257204148,0.01825499131031869,0.3570476657981677,0.4581356806420156,benchmark/benchmark/submissions_tahoe_lfc_heldout_molecules_fresh/expression/pert_prediction_tahoe_regression/CVCL_0359.heldout_molecules/2026-05-26T00-30-51.448616.json
CVCL_0359,heldout_molecules,knn_baseline_topological,knn,topological,L2,5.664066794800634,0.0020542888931735586,0.01828557437500896,0.3552264316632286,0.4548008421318612,benchmark/benchmark/submissions_tahoe_lfc_heldout_molecules_fresh/expression/pert_prediction_tahoe_regression/CVCL_0359.heldout_molecules/2026-05-26T00-30-25.592117.json
CVCL_0359,heldout_molecules,knn_baseline_unimol2-570m-H,knn,unimol2-570m-H,L2,5.67138875056484,0.0020259603665940045,0.01833557182688268,0.352292509592474,0.4505868791437864,benchmark/benchmark/submissions_tahoe_lfc_heldout_molecules_fresh/expression/pert_prediction_tahoe_regression/CVCL_0359.heldout_molecules/2026-05-26T00-31-09.614050.json
CVCL_0359,heldout_molecules,lasso_baseline_ChemBERTa-77M-MLM,lasso,ChemBERTa-77M-MLM,L2,5.634838515533591,0.0020158333631415987,0.018189961182830526,0.3617687075783293,0.46178024639119863,benchmark/benchmark/submissions_tahoe_lfc_heldout_molecules_fresh/expression/pert_prediction_tahoe_regression/CVCL_0359.heldout_molecules/2026-05-26T00-30-26.882680.json
CVCL_0359,heldout_molecules,lasso_baseline_ChemBERTa-77M-MTR,lasso,ChemBERTa-77M-MTR,L2,5.630954806308739,0.0020144643067877602,0.018185796376594492,0.3619409427695147,0.46339498943888513,benchmark/benchmark/submissions_tahoe_lfc_heldout_molecules_fresh/expression/pert_prediction_tahoe_regression/CVCL_0359.heldout_molecules/2026-05-26T00-30-26.296523.json
CVCL_0359,heldout_molecules,lasso_baseline_MiniMol,lasso,MiniMol,L2,5.622525250615709,0.002008202230639682,0.01817085609697631,0.36243643285134625,0.4661588428934824,benchmark/benchmark/submissions_tahoe_lfc_heldout_molecules_fresh/expression/pert_prediction_tahoe_regression/CVCL_0359.heldout_molecules/2026-05-26T00-30-41.191608.json
CVCL_0359,heldout_molecules,lasso_baseline_MolT5,lasso,MolT5,L2,5.643335888697638,0.0020133574844943786,0.018214859950994824,0.3601099360203223,0.45864436678009524,benchmark/benchmark/submissions_tahoe_lfc_heldout_molecules_fresh/expression/pert_prediction_tahoe_regression/CVCL_0359.heldout_molecules/2026-05-26T00-31-09.114034.json
CVCL_0359,heldout_molecules,lasso_baseline_avalon,lasso,avalon,L2,5.642407216176012,0.0020128819181758875,0.01820826018591664,0.3612717981277762,0.45883420945539816,benchmark/benchmark/submissions_tahoe_lfc_heldout_molecules_fresh/expression/pert_prediction_tahoe_regression/CVCL_0359.heldout_molecules/2026-05-26T00-31-14.523610.json
CVCL_0359,heldout_molecules,lasso_baseline_boltz_affinity_pred_value_fragment,lasso,boltz_affinity_pred_value_fragment,L2,5.6172470376338834,0.00200558635680569,0.018164090979844123,0.3637216858132156,0.470539091438059,benchmark/benchmark/submissions_tahoe_lfc_heldout_molecules_fresh/expression/pert_prediction_tahoe_regression/CVCL_0359.heldout_molecules/2026-05-26T00-31-05.517429.json
CVCL_0359,heldout_molecules,lasso_baseline_boltz_affinity_pred_value_protein,lasso,boltz_affinity_pred_value_protein,L2,5.622168234441371,0.002009393272330643,0.01817533363185997,0.36278330759517313,0.4677295292514513,benchmark/benchmark/submissions_tahoe_lfc_heldout_molecules_fresh/expression/pert_prediction_tahoe_regression/CVCL_0359.heldout_molecules/2026-05-26T00-31-05.304726.json
CVCL_0359,heldout_molecules,lasso_baseline_chatgpt,lasso,chatgpt,L2,5.596889153977278,0.001988095315710904,0.01811406962710353,0.3642790294262702,0.47197346706831145,benchmark/benchmark/submissions_tahoe_lfc_heldout_molecules_fresh/expression/pert_prediction_tahoe_regression/CVCL_0359.heldout_molecules/2026-05-26T00-30-28.692748.json
CVCL_0359,heldout_molecules,lasso_baseline_ecfp:2,lasso,ecfp:2,L2,5.641266447766668,0.0020212932608029274,0.01820316915438544,0.36167698900587564,0.46019576529767225,benchmark/benchmark/submissions_tahoe_lfc_heldout_molecules_fresh/expression/pert_prediction_tahoe_regression/CVCL_0359.heldout_molecules/2026-05-26T00-31-16.254341.json
CVCL_0359,heldout_molecules,lasso_baseline_erg,lasso,erg,L2,5.6306460572545545,0.002013459955975899,0.0181848768121795,0.36200364310968597,0.4634783216122998,benchmark/benchmark/submissions_tahoe_lfc_heldout_molecules_fresh/expression/pert_prediction_tahoe_regression/CVCL_0359.heldout_molecules/2026-05-26T00-31-04.612628.json
CVCL_0359,heldout_molecules,lasso_baseline_maccs,lasso,maccs,L2,5.63457918233653,0.002017139898549799,0.018189580380995204,0.36187536548009586,0.4619884905321668,benchmark/benchmark/submissions_tahoe_lfc_heldout_molecules_fresh/expression/pert_prediction_tahoe_regression/CVCL_0359.heldout_molecules/2026-05-26T00-30-36.331874.json
CVCL_0359,heldout_molecules,lasso_baseline_morgan_initialized_lpm,lasso,morgan_initialized_lpm,L2,5.699104180830137,0.002037549905186981,0.018258009296055304,0.36205143375322363,0.44322439490252447,benchmark/benchmark/submissions_tahoe_lfc_heldout_molecules_fresh/expression/pert_prediction_tahoe_regression/CVCL_0359.heldout_molecules/2026-05-26T00-30-18.821427.json
CVCL_0359,heldout_molecules,lasso_baseline_pca,lasso,pca,L2,2.5267228730423006,0.000455518778523333,0.00940508044813926,0.7052038769931839,0.9067985233541648,benchmark/benchmark/submissions_tahoe_lfc_heldout_molecules_fresh/expression/pert_prediction_tahoe_regression/CVCL_0359.heldout_molecules/2026-05-26T00-30-24.679662.json
CVCL_0359,heldout_molecules,lasso_baseline_random,lasso,random,L2,5.6357541153620625,0.002018528023980696,0.018191365298568386,0.361855084272804,0.4615655551063507,benchmark/benchmark/submissions_tahoe_lfc_heldout_molecules_fresh/expression/pert_prediction_tahoe_regression/CVCL_0359.heldout_molecules/2026-05-26T00-30-18.317021.json
CVCL_0359,heldout_molecules,lasso_baseline_secfp,lasso,secfp,L2,5.629835822364687,0.002014085791641891,0.018184068303994716,0.3618520947363666,0.463312150948791,benchmark/benchmark/submissions_tahoe_lfc_heldout_molecules_fresh/expression/pert_prediction_tahoe_regression/CVCL_0359.heldout_molecules/2026-05-26T00-31-06.238470.json
CVCL_0359,heldout_molecules,lasso_baseline_topological,lasso,topological,L2,5.6357541153620625,0.002018528023980696,0.018191365298568386,0.361855084272804,0.4615655551063507,benchmark/benchmark/submissions_tahoe_lfc_heldout_molecules_fresh/expression/pert_prediction_tahoe_regression/CVCL_0359.heldout_molecules/2026-05-26T00-30-40.315503.json
CVCL_0359,heldout_molecules,lasso_baseline_unimol2-570m-H,lasso,unimol2-570m-H,L2,5.637491094407177,0.002015463491099262,0.01821013600510928,0.3597359850429992,0.4607029079705484,benchmark/benchmark/submissions_tahoe_lfc_heldout_molecules_fresh/expression/pert_prediction_tahoe_regression/CVCL_0359.heldout_molecules/2026-05-26T00-31-22.030045.json
CVCL_0366,heldout_molecules,knn_baseline_ChemBERTa-77M-MLM,knn,ChemBERTa-77M-MLM,L2,6.360352283947124,0.0025730085555750134,0.020550156515688686,0.31518248932221177,0.4108231179795641,benchmark/benchmark/submissions_tahoe_lfc_heldout_molecules_fresh/expression/pert_prediction_tahoe_regression/CVCL_0366.heldout_molecules/2026-05-26T00-31-37.289951.json
CVCL_0366,heldout_molecules,knn_baseline_ChemBERTa-77M-MTR,knn,ChemBERTa-77M-MTR,L2,6.272066510090375,0.0025284279194395854,0.020241493884680082,0.33557858141861757,0.44029612903924903,benchmark/benchmark/submissions_tahoe_lfc_heldout_molecules_fresh/expression/pert_prediction_tahoe_regression/CVCL_0366.heldout_molecules/2026-05-26T00-31-37.074020.json
CVCL_0366,heldout_molecules,knn_baseline_MiniMol,knn,MiniMol,L2,6.213475116581945,0.0024808441375421143,0.0200857007364641,0.349197901486936,0.45919907104599794,benchmark/benchmark/submissions_tahoe_lfc_heldout_molecules_fresh/expression/pert_prediction_tahoe_regression/CVCL_0366.heldout_molecules/2026-05-26T00-31-47.815272.json
CVCL_0366,heldout_molecules,knn_baseline_MolT5,knn,MolT5,L2,6.336738973815668,0.0025623199695813297,0.020453058616344378,0.3225644956602431,0.4193757179044466,benchmark/benchmark/submissions_tahoe_lfc_heldout_molecules_fresh/expression/pert_prediction_tahoe_regression/CVCL_0366.heldout_molecules/2026-05-26T00-32-27.479277.json
CVCL_0366,heldout_molecules,knn_baseline_avalon,knn,avalon,L2,6.280845626244171,0.0025621857945930773,0.02024989316077847,0.33350007355900413,0.4376000213428894,benchmark/benchmark/submissions_tahoe_lfc_heldout_molecules_fresh/expression/pert_prediction_tahoe_regression/CVCL_0366.heldout_molecules/2026-05-26T00-32-28.626027.json
CVCL_0366,heldout_molecules,knn_baseline_boltz_affinity_pred_value_fragment,knn,boltz_affinity_pred_value_fragment,L2,6.281064830137649,0.0025253023641615196,0.02026935620437756,0.33726202423857143,0.44008521112309085,benchmark/benchmark/submissions_tahoe_lfc_heldout_molecules_fresh/expression/pert_prediction_tahoe_regression/CVCL_0366.heldout_molecules/2026-05-26T00-31-54.075141.json
CVCL_0366,heldout_molecules,knn_baseline_boltz_affinity_pred_value_protein,knn,boltz_affinity_pred_value_protein,L2,6.292460739101399,0.0025441877746288774,0.0203070827435516,0.3339909600353931,0.436049174542614,benchmark/benchmark/submissions_tahoe_lfc_heldout_molecules_fresh/expression/pert_prediction_tahoe_regression/CVCL_0366.heldout_molecules/2026-05-26T00-31-58.289335.json
CVCL_0366,heldout_molecules,knn_baseline_chatgpt,knn,chatgpt,L2,6.293004614530851,0.0025063160410370767,0.020374782113378145,0.32628547875692554,0.43255473943071915,benchmark/benchmark/submissions_tahoe_lfc_heldout_molecules_fresh/expression/pert_prediction_tahoe_regression/CVCL_0366.heldout_molecules/2026-05-26T00-31-37.564598.json
CVCL_0366,heldout_molecules,knn_baseline_ecfp:2,knn,ecfp:2,L2,6.271071350401895,0.002549685621642027,0.020239497181137683,0.33365427091591204,0.4390843746998869,benchmark/benchmark/submissions_tahoe_lfc_heldout_molecules_fresh/expression/pert_prediction_tahoe_regression/CVCL_0366.heldout_molecules/2026-05-26T00-32-27.486807.json
CVCL_0366,heldout_molecules,knn_baseline_erg,knn,erg,L2,6.282086576826915,0.0025439744806895082,0.020296370561633904,0.33170769226897373,0.43621886481298033,benchmark/benchmark/submissions_tahoe_lfc_heldout_molecules_fresh/expression/pert_prediction_tahoe_regression/CVCL_0366.heldout_molecules/2026-05-26T00-32-27.414911.json
CVCL_0366,heldout_molecules,knn_baseline_maccs,knn,maccs,L2,6.290553257170891,0.0025537851264916204,0.020306299424019476,0.33205078120536485,0.433393245137309,benchmark/benchmark/submissions_tahoe_lfc_heldout_molecules_fresh/expression/pert_prediction_tahoe_regression/CVCL_0366.heldout_molecules/2026-05-26T00-31-42.386346.json
CVCL_0366,heldout_molecules,knn_baseline_morgan_initialized_lpm,knn,morgan_initialized_lpm,L2,6.284228768388683,0.0025741177053932485,0.020269103129692753,0.330813766572736,0.4311042035704264,benchmark/benchmark/submissions_tahoe_lfc_heldout_molecules_fresh/expression/pert_prediction_tahoe_regression/CVCL_0366.heldout_molecules/2026-05-26T00-31-10.963990.json
CVCL_0366,heldout_molecules,knn_baseline_pca,knn,pca,L2,4.18552207848006,0.0013360473641941626,0.013920416018703034,0.6373397685682288,0.7951541822403817,benchmark/benchmark/submissions_tahoe_lfc_heldout_molecules_fresh/expression/pert_prediction_tahoe_regression/CVCL_0366.heldout_molecules/2026-05-26T00-31-36.810261.json
CVCL_0366,heldout_molecules,knn_baseline_random,knn,random,L2,6.313556818782866,0.0025605285567667766,0.020386688784032818,0.32686632243257624,0.42775301322481885,benchmark/benchmark/submissions_tahoe_lfc_heldout_molecules_fresh/expression/pert_prediction_tahoe_regression/CVCL_0366.heldout_molecules/2026-05-26T00-31-11.923827.json
CVCL_0366,heldout_molecules,knn_baseline_secfp,knn,secfp,L2,6.275438103192692,0.002573210941327187,0.02025191781806265,0.33329862701049523,0.4427459692901493,benchmark/benchmark/submissions_tahoe_lfc_heldout_molecules_fresh/expression/pert_prediction_tahoe_regression/CVCL_0366.heldout_molecules/2026-05-26T00-32-01.109953.json
CVCL_0366,heldout_molecules,knn_baseline_topological,knn,topological,L2,6.299048644448563,0.0025769136812469227,0.02032054075575171,0.32975307190604725,0.43361291870312024,benchmark/benchmark/submissions_tahoe_lfc_heldout_molecules_fresh/expression/pert_prediction_tahoe_regression/CVCL_0366.heldout_molecules/2026-05-26T00-31-44.424914.json
CVCL_0366,heldout_molecules,knn_baseline_unimol2-570m-H,knn,unimol2-570m-H,L2,6.325569848590951,0.0025610597917883862,0.020446185669911052,0.32172652256797146,0.4230316413912923,benchmark/benchmark/submissions_tahoe_lfc_heldout_molecules_fresh/expression/pert_prediction_tahoe_regression/CVCL_0366.heldout_molecules/2026-05-26T00-32-33.934248.json
CVCL_0366,heldout_molecules,lasso_baseline_ChemBERTa-77M-MLM,lasso,ChemBERTa-77M-MLM,L2,6.276318432727391,0.0025388566227902815,0.020255031730914724,0.3357938630958298,0.4385657880370583,benchmark/benchmark/submissions_tahoe_lfc_heldout_molecules_fresh/expression/pert_prediction_tahoe_regression/CVCL_0366.heldout_molecules/2026-05-26T00-31-51.581792.json
CVCL_0366,heldout_molecules,lasso_baseline_ChemBERTa-77M-MTR,lasso,ChemBERTa-77M-MTR,L2,6.27556789610041,0.0025405752879823686,0.020253139218586517,0.3357375511954889,0.43916240019199976,benchmark/benchmark/submissions_tahoe_lfc_heldout_molecules_fresh/expression/pert_prediction_tahoe_regression/CVCL_0366.heldout_molecules/2026-05-26T00-31-51.923884.json
CVCL_0366,heldout_molecules,lasso_baseline_MiniMol,lasso,MiniMol,L2,6.262112668475164,0.0025293193389780465,0.020231622283044173,0.33656542642090076,0.4436907826852204,benchmark/benchmark/submissions_tahoe_lfc_heldout_molecules_fresh/expression/pert_prediction_tahoe_regression/CVCL_0366.heldout_molecules/2026-05-26T00-32-02.374639.json
CVCL_0366,heldout_molecules,lasso_baseline_MolT5,lasso,MolT5,L2,6.286844118040762,0.0025414491227759703,0.020277902790961408,0.3346233385239588,0.4346021219169198,benchmark/benchmark/submissions_tahoe_lfc_heldout_molecules_fresh/expression/pert_prediction_tahoe_regression/CVCL_0366.heldout_molecules/2026-05-26T00-32-38.748263.json
CVCL_0366,heldout_molecules,lasso_baseline_avalon,lasso,avalon,L2,6.280870483795192,0.0025335797331045426,0.02027028589883968,0.3350838523367362,0.43588202317420494,benchmark/benchmark/submissions_tahoe_lfc_heldout_molecules_fresh/expression/pert_prediction_tahoe_regression/CVCL_0366.heldout_molecules/2026-05-26T00-32-43.243285.json
CVCL_0366,heldout_molecules,lasso_baseline_boltz_affinity_pred_value_fragment,lasso,boltz_affinity_pred_value_fragment,L2,6.27385245771267,0.002539416649417146,0.020251259129710996,0.33577665945924534,0.4397530291102147,benchmark/benchmark/submissions_tahoe_lfc_heldout_molecules_fresh/expression/pert_prediction_tahoe_regression/CVCL_0366.heldout_molecules/2026-05-26T00-32-10.153080.json
CVCL_0366,heldout_molecules,lasso_baseline_boltz_affinity_pred_value_protein,lasso,boltz_affinity_pred_value_protein,L2,6.253151851278956,0.0025230464834881602,0.020213624706237186,0.3377881035546198,0.44769803671721997,benchmark/benchmark/submissions_tahoe_lfc_heldout_molecules_fresh/expression/pert_prediction_tahoe_regression/CVCL_0366.heldout_molecules/2026-05-26T00-32-13.266555.json
CVCL_0366,heldout_molecules,lasso_baseline_chatgpt,lasso,chatgpt,L2,6.2494695686879185,0.0025080269748781244,0.02019843338282236,0.33794585609348227,0.4460581461796669,benchmark/benchmark/submissions_tahoe_lfc_heldout_molecules_fresh/expression/pert_prediction_tahoe_regression/CVCL_0366.heldout_molecules/2026-05-26T00-31-48.813601.json
CVCL_0366,heldout_molecules,lasso_baseline_ecfp:2,lasso,ecfp:2,L2,6.284452829662855,0.002545508321867325,0.020271741144731743,0.3354323887202911,0.4366642192406785,benchmark/benchmark/submissions_tahoe_lfc_heldout_molecules_fresh/expression/pert_prediction_tahoe_regression/CVCL_0366.heldout_molecules/2026-05-26T00-32-38.713032.json
CVCL_0366,heldout_molecules,lasso_baseline_erg,lasso,erg,L2,6.27556789610041,0.0025405752879823686,0.020253139218586517,0.3357375511954889,0.43916240019199976,benchmark/benchmark/submissions_tahoe_lfc_heldout_molecules_fresh/expression/pert_prediction_tahoe_regression/CVCL_0366.heldout_molecules/2026-05-26T00-32-41.955053.json
CVCL_0366,heldout_molecules,lasso_baseline_maccs,lasso,maccs,L2,6.275984022621055,0.0025401420564161495,0.02025424780964182,0.3356596835980575,0.4389364537664028,benchmark/benchmark/submissions_tahoe_lfc_heldout_molecules_fresh/expression/pert_prediction_tahoe_regression/CVCL_0366.heldout_molecules/2026-05-26T00-31-58.349113.json
CVCL_0366,heldout_molecules,lasso_baseline_morgan_initialized_lpm,lasso,morgan_initialized_lpm,L2,6.400177124778466,0.0025827880976634523,0.020399290092586616,0.334147843386537,0.40894818676615846,benchmark/benchmark/submissions_tahoe_lfc_heldout_molecules_fresh/expression/pert_prediction_tahoe_regression/CVCL_0366.heldout_molecules/2026-05-26T00-31-25.838879.json
CVCL_0366,heldout_molecules,lasso_baseline_pca,lasso,pca,L2,2.8468888731791586,0.0005261614286021413,0.0107390136846508,0.6866342304983184,0.8988634218791179,benchmark/benchmark/submissions_tahoe_lfc_heldout_molecules_fresh/expression/pert_prediction_tahoe_regression/CVCL_0366.heldout_molecules/2026-05-26T00-31-56.927743.json
CVCL_0366,heldout_molecules,lasso_baseline_random,lasso,random,L2,6.27556789610041,0.0025405752879823686,0.020253139218586517,0.3357375511954889,0.43916240019199976,benchmark/benchmark/submissions_tahoe_lfc_heldout_molecules_fresh/expression/pert_prediction_tahoe_regression/CVCL_0366.heldout_molecules/2026-05-26T00-31-28.528099.json
CVCL_0366,heldout_molecules,lasso_baseline_secfp,lasso,secfp,L2,6.284090619770515,0.0025445491855156377,0.020267274660215003,0.3355799500545813,0.43677031325663257,benchmark/benchmark/submissions_tahoe_lfc_heldout_molecules_fresh/expression/pert_prediction_tahoe_regression/CVCL_0366.heldout_molecules/2026-05-26T00-32-18.208863.json
CVCL_0366,heldout_molecules,lasso_baseline_topological,lasso,topological,L2,6.277414862869932,0.0025379735533890935,0.020258212856219357,0.33594011351069814,0.43823231141657937,benchmark/benchmark/submissions_tahoe_lfc_heldout_molecules_fresh/expression/pert_prediction_tahoe_regression/CVCL_0366.heldout_molecules/2026-05-26T00-32-00.401272.json
CVCL_0366,heldout_molecules,lasso_baseline_unimol2-570m-H,lasso,unimol2-570m-H,L2,6.275468403162992,0.002540508801511812,0.020252938203937244,0.3357411663715078,0.4391942461693176,benchmark/benchmark/submissions_tahoe_lfc_heldout_molecules_fresh/expression/pert_prediction_tahoe_regression/CVCL_0366.heldout_molecules/2026-05-26T00-32-46.085637.json
CVCL_0371,heldout_molecules,knn_baseline_ChemBERTa-77M-MLM,knn,ChemBERTa-77M-MLM,L2,5.83741550047726,0.0022315928557250756,0.01857040550644788,0.34926914493796973,0.4833949736106103,benchmark/benchmark/submissions_tahoe_lfc_heldout_molecules_fresh/expression/pert_prediction_tahoe_regression/CVCL_0371.heldout_molecules/2026-05-26T00-32-48.451589.json
CVCL_0371,heldout_molecules,knn_baseline_ChemBERTa-77M-MTR,knn,ChemBERTa-77M-MTR,L2,5.7845646759006915,0.0022195247466912913,0.018404452628796742,0.36499559476985416,0.5040022082849716,benchmark/benchmark/submissions_tahoe_lfc_heldout_molecules_fresh/expression/pert_prediction_tahoe_regression/CVCL_0371.heldout_molecules/2026-05-26T00-32-44.777432.json
CVCL_0371,heldout_molecules,knn_baseline_MiniMol,knn,MiniMol,L2,5.696032594118705,0.002161868663159333,0.01818679046502383,0.3813655444410514,0.5269907995921785,benchmark/benchmark/submissions_tahoe_lfc_heldout_molecules_fresh/expression/pert_prediction_tahoe_regression/CVCL_0371.heldout_molecules/2026-05-26T00-33-13.267326.json
CVCL_0371,heldout_molecules,knn_baseline_MolT5,knn,MolT5,L2,5.801582338316197,0.0022169225035744266,0.018462184608384332,0.3596053411821776,0.49484860140755604,benchmark/benchmark/submissions_tahoe_lfc_heldout_molecules_fresh/expression/pert_prediction_tahoe_regression/CVCL_0371.heldout_molecules/2026-05-26T00-33-33.732310.json
CVCL_0371,heldout_molecules,knn_baseline_avalon,knn,avalon,L2,5.748055204172163,0.0022188829723363435,0.01831621718602949,0.3714665718424718,0.5139891058968251,benchmark/benchmark/submissions_tahoe_lfc_heldout_molecules_fresh/expression/pert_prediction_tahoe_regression/CVCL_0371.heldout_molecules/2026-05-26T00-33-36.565456.json
CVCL_0371,heldout_molecules,knn_baseline_boltz_affinity_pred_value_fragment,knn,boltz_affinity_pred_value_fragment,L2,5.743975926083206,0.002190626263764574,0.018305371153882314,0.3719728336543917,0.5158663026270848,benchmark/benchmark/submissions_tahoe_lfc_heldout_molecules_fresh/expression/pert_prediction_tahoe_regression/CVCL_0371.heldout_molecules/2026-05-26T00-33-20.433321.json
CVCL_0371,heldout_molecules,knn_baseline_boltz_affinity_pred_value_protein,knn,boltz_affinity_pred_value_protein,L2,5.750721999614174,0.0022021996095174185,0.018340139565962383,0.36845134018915027,0.5141252849762585,benchmark/benchmark/submissions_tahoe_lfc_heldout_molecules_fresh/expression/pert_prediction_tahoe_regression/CVCL_0371.heldout_molecules/2026-05-26T00-33-20.516941.json
CVCL_0371,heldout_molecules,knn_baseline_chatgpt,knn,chatgpt,L2,5.763415474880065,0.0021836681671089085,0.01838237865773872,0.3599939600059239,0.49987558868095455,benchmark/benchmark/submissions_tahoe_lfc_heldout_molecules_fresh/expression/pert_prediction_tahoe_regression/CVCL_0371.heldout_molecules/2026-05-26T00-33-13.739030.json
CVCL_0371,heldout_molecules,knn_baseline_ecfp:2,knn,ecfp:2,L2,5.776575146055493,0.002220202795287285,0.01839836142937862,0.36603254183580974,0.5049032116486235,benchmark/benchmark/submissions_tahoe_lfc_heldout_molecules_fresh/expression/pert_prediction_tahoe_regression/CVCL_0371.heldout_molecules/2026-05-26T00-34-00.954792.json
CVCL_0371,heldout_molecules,knn_baseline_erg,knn,erg,L2,5.782336487585378,0.002228954932652,0.018434344597967178,0.3631854741575016,0.5039041982297627,benchmark/benchmark/submissions_tahoe_lfc_heldout_molecules_fresh/expression/pert_prediction_tahoe_regression/CVCL_0371.heldout_molecules/2026-05-26T00-33-30.292042.json
CVCL_0371,heldout_molecules,knn_baseline_maccs,knn,maccs,L2,5.750618434565681,0.00220197962822895,0.018316735731896575,0.3744619765543554,0.5138766194944058,benchmark/benchmark/submissions_tahoe_lfc_heldout_molecules_fresh/expression/pert_prediction_tahoe_regression/CVCL_0371.heldout_molecules/2026-05-26T00-33-13.109732.json
CVCL_0371,heldout_molecules,knn_baseline_morgan_initialized_lpm,knn,morgan_initialized_lpm,L2,5.767181824758191,0.0022221611067648177,0.01838538104674619,0.3619995099017052,0.5009052017965088,benchmark/benchmark/submissions_tahoe_lfc_heldout_molecules_fresh/expression/pert_prediction_tahoe_regression/CVCL_0371.heldout_molecules/2026-05-26T00-32-33.028180.json
CVCL_0371,heldout_molecules,knn_baseline_pca,knn,pca,L2,3.9696768530521402,0.0012336420080796464,0.012814954526583778,0.647445505250455,0.8061133423558368,benchmark/benchmark/submissions_tahoe_lfc_heldout_molecules_fresh/expression/pert_prediction_tahoe_regression/CVCL_0371.heldout_molecules/2026-05-26T00-32-43.313746.json
CVCL_0371,heldout_molecules,knn_baseline_random,knn,random,L2,5.826733840900636,0.002257854497053713,0.018543536489448478,0.3545303557078968,0.4900790623102074,benchmark/benchmark/submissions_tahoe_lfc_heldout_molecules_fresh/expression/pert_prediction_tahoe_regression/CVCL_0371.heldout_molecules/2026-05-26T00-32-37.815059.json
CVCL_0371,heldout_molecules,knn_baseline_secfp,knn,secfp,L2,5.797592546779047,0.0022693365428719187,0.018420345336105134,0.3680722707242558,0.5031122180409239,benchmark/benchmark/submissions_tahoe_lfc_heldout_molecules_fresh/expression/pert_prediction_tahoe_regression/CVCL_0371.heldout_molecules/2026-05-26T00-33-27.433142.json
CVCL_0371,heldout_molecules,knn_baseline_topological,knn,topological,L2,5.7833722241907735,0.0022424948250489634,0.018421590135069034,0.3662382705416819,0.5067504146870268,benchmark/benchmark/submissions_tahoe_lfc_heldout_molecules_fresh/expression/pert_prediction_tahoe_regression/CVCL_0371.heldout_molecules/2026-05-26T00-33-15.175039.json
CVCL_0371,heldout_molecules,knn_baseline_unimol2-570m-H,knn,unimol2-570m-H,L2,5.773772724075084,0.0022053878832475975,0.018415019957860008,0.3615575064534652,0.5047521639865845,benchmark/benchmark/submissions_tahoe_lfc_heldout_molecules_fresh/expression/pert_prediction_tahoe_regression/CVCL_0371.heldout_molecules/2026-05-26T00-34-00.973439.json
CVCL_0371,heldout_molecules,lasso_baseline_ChemBERTa-77M-MLM,lasso,ChemBERTa-77M-MLM,L2,5.7614089201766605,0.0022131558156023865,0.01834930840946578,0.3693900013386026,0.5099475625088544,benchmark/benchmark/submissions_tahoe_lfc_heldout_molecules_fresh/expression/pert_prediction_tahoe_regression/CVCL_0371.heldout_molecules/2026-05-26T00-33-03.461870.json
CVCL_0371,heldout_molecules,lasso_baseline_ChemBERTa-77M-MTR,lasso,ChemBERTa-77M-MTR,L2,5.7597807893684925,0.002212682202690136,0.01834667298311447,0.36945628438311984,0.5112412586785833,benchmark/benchmark/submissions_tahoe_lfc_heldout_molecules_fresh/expression/pert_prediction_tahoe_regression/CVCL_0371.heldout_molecules/2026-05-26T00-33-02.308305.json
CVCL_0371,heldout_molecules,lasso_baseline_MiniMol,lasso,MiniMol,L2,5.737093627038512,0.0021999320335985336,0.01831216334058201,0.3703935218119056,0.5167319731208283,benchmark/benchmark/submissions_tahoe_lfc_heldout_molecules_fresh/expression/pert_prediction_tahoe_regression/CVCL_0371.heldout_molecules/2026-05-26T00-33-24.192869.json
CVCL_0371,heldout_molecules,lasso_baseline_MolT5,lasso,MolT5,L2,5.746949908626373,0.0021992166843372877,0.018330865342822637,0.36962102335821106,0.5123301899583664,benchmark/benchmark/submissions_tahoe_lfc_heldout_molecules_fresh/expression/pert_prediction_tahoe_regression/CVCL_0371.heldout_molecules/2026-05-26T00-33-45.681595.json
CVCL_0371,heldout_molecules,lasso_baseline_avalon,lasso,avalon,L2,5.760378581317569,0.0022058685532487824,0.018357423462899453,0.36911177161275754,0.5088566237999664,benchmark/benchmark/submissions_tahoe_lfc_heldout_molecules_fresh/expression/pert_prediction_tahoe_regression/CVCL_0371.heldout_molecules/2026-05-26T00-33-51.840003.json
CVCL_0371,heldout_molecules,lasso_baseline_boltz_affinity_pred_value_fragment,lasso,boltz_affinity_pred_value_fragment,L2,5.732633757638245,0.002200150979072828,0.018291323655437706,0.3723001559943652,0.5198874647115708,benchmark/benchmark/submissions_tahoe_lfc_heldout_molecules_fresh/expression/pert_prediction_tahoe_regression/CVCL_0371.heldout_molecules/2026-05-26T00-33-35.769920.json
CVCL_0371,heldout_molecules,lasso_baseline_boltz_affinity_pred_value_protein,lasso,boltz_affinity_pred_value_protein,L2,5.738443470338215,0.0022039186263777314,0.018310135188518123,0.37128149918698666,0.5176171469714729,benchmark/benchmark/submissions_tahoe_lfc_heldout_molecules_fresh/expression/pert_prediction_tahoe_regression/CVCL_0371.heldout_molecules/2026-05-26T00-33-37.450493.json
CVCL_0371,heldout_molecules,lasso_baseline_chatgpt,lasso,chatgpt,L2,5.704133362197817,0.002171767380099137,0.01824550327795043,0.37236126120117524,0.5209487881032094,benchmark/benchmark/submissions_tahoe_lfc_heldout_molecules_fresh/expression/pert_prediction_tahoe_regression/CVCL_0371.heldout_molecules/2026-05-26T00-33-25.132089.json
CVCL_0371,heldout_molecules,lasso_baseline_ecfp:2,lasso,ecfp:2,L2,5.776962299461979,0.002223342395193776,0.018372637220712387,0.3688242528735916,0.5054220875475143,benchmark/benchmark/submissions_tahoe_lfc_heldout_molecules_fresh/expression/pert_prediction_tahoe_regression/CVCL_0371.heldout_molecules/2026-05-26T00-34-11.842968.json
CVCL_0371,heldout_molecules,lasso_baseline_erg,lasso,erg,L2,5.773211762368769,0.0022228961645105647,0.018366337629557913,0.3688773050130697,0.5066995389125181,benchmark/benchmark/submissions_tahoe_lfc_heldout_molecules_fresh/expression/pert_prediction_tahoe_regression/CVCL_0371.heldout_molecules/2026-05-26T00-33-45.825613.json
CVCL_0371,heldout_molecules,lasso_baseline_maccs,lasso,maccs,L2,5.768155159811039,0.0022191278408456817,0.01836006770236723,0.3690376838007896,0.5083867523419655,benchmark/benchmark/submissions_tahoe_lfc_heldout_molecules_fresh/expression/pert_prediction_tahoe_regression/CVCL_0371.heldout_molecules/2026-05-26T00-33-28.254394.json
CVCL_0371,heldout_molecules,lasso_baseline_morgan_initialized_lpm,lasso,morgan_initialized_lpm,L2,5.7932676687327245,0.002179430452287109,0.018332179493635217,0.370645686944914,0.4943094854950861,benchmark/benchmark/submissions_tahoe_lfc_heldout_molecules_fresh/expression/pert_prediction_tahoe_regression/CVCL_0371.heldout_molecules/2026-05-26T00-32-49.501549.json
CVCL_0371,heldout_molecules,lasso_baseline_pca,lasso,pca,L2,2.5620941349449047,0.00042917895515651264,0.009364680502498881,0.6977983923843596,0.9090346582261832,benchmark/benchmark/submissions_tahoe_lfc_heldout_molecules_fresh/expression/pert_prediction_tahoe_regression/CVCL_0371.heldout_molecules/2026-05-26T00-33-04.189990.json
CVCL_0371,heldout_molecules,lasso_baseline_random,lasso,random,L2,5.773211762368769,0.0022228961645105647,0.018366337629557913,0.3688773050130697,0.5066995389125181,benchmark/benchmark/submissions_tahoe_lfc_heldout_molecules_fresh/expression/pert_prediction_tahoe_regression/CVCL_0371.heldout_molecules/2026-05-26T00-32-53.783123.json
CVCL_0371,heldout_molecules,lasso_baseline_secfp,lasso,secfp,L2,5.760780807638296,0.0022124880509021916,0.018348491400141664,0.36930880368553687,0.5103993640567509,benchmark/benchmark/submissions_tahoe_lfc_heldout_molecules_fresh/expression/pert_prediction_tahoe_regression/CVCL_0371.heldout_molecules/2026-05-26T00-33-42.998852.json
CVCL_0371,heldout_molecules,lasso_baseline_topological,lasso,topological,L2,5.773211762368769,0.0022228961645105647,0.018366337629557913,0.3688773050130697,0.5066995389125181,benchmark/benchmark/submissions_tahoe_lfc_heldout_molecules_fresh/expression/pert_prediction_tahoe_regression/CVCL_0371.heldout_molecules/2026-05-26T00-33-29.474108.json
CVCL_0371,heldout_molecules,lasso_baseline_unimol2-570m-H,lasso,unimol2-570m-H,L2,5.769590184762133,0.0022204422749737378,0.018363470572203812,0.3689082583565741,0.5075764220241296,benchmark/benchmark/submissions_tahoe_lfc_heldout_molecules_fresh/expression/pert_prediction_tahoe_regression/CVCL_0371.heldout_molecules/2026-05-26T00-34-12.117032.json
CVCL_0397,heldout_molecules,knn_baseline_ChemBERTa-77M-MLM,knn,ChemBERTa-77M-MLM,L2,6.097613766455683,0.002456967922723356,0.019551202815168946,0.3102923475482933,0.4151555766803175,benchmark/benchmark/submissions_tahoe_lfc_heldout_molecules_fresh/expression/pert_prediction_tahoe_regression/CVCL_0397.heldout_molecules/2026-05-26T00-34-10.703334.json
CVCL_0397,heldout_molecules,knn_baseline_ChemBERTa-77M-MTR,knn,ChemBERTa-77M-MTR,L2,6.0256536547628965,0.0024354079587982098,0.01935934794429339,0.3268284447996309,0.43991257025528835,benchmark/benchmark/submissions_tahoe_lfc_heldout_molecules_fresh/expression/pert_prediction_tahoe_regression/CVCL_0397.heldout_molecules/2026-05-26T00-34-06.636734.json
CVCL_0397,heldout_molecules,knn_baseline_MiniMol,knn,MiniMol,L2,5.912367630949904,0.002349565359593042,0.019044872525518664,0.3520468933872289,0.4741867090238751,benchmark/benchmark/submissions_tahoe_lfc_heldout_molecules_fresh/expression/pert_prediction_tahoe_regression/CVCL_0397.heldout_molecules/2026-05-26T00-34-48.118764.json
CVCL_0397,heldout_molecules,knn_baseline_MolT5,knn,MolT5,L2,6.040634238798572,0.002430471907531939,0.019387959771185438,0.3243840727142874,0.43376061595195636,benchmark/benchmark/submissions_tahoe_lfc_heldout_molecules_fresh/expression/pert_prediction_tahoe_regression/CVCL_0397.heldout_molecules/2026-05-26T00-34-54.887570.json
CVCL_0397,heldout_molecules,knn_baseline_avalon,knn,avalon,L2,5.998265280219934,0.0024449631624181255,0.019300748556003538,0.33332752008120925,0.44968035912917076,benchmark/benchmark/submissions_tahoe_lfc_heldout_molecules_fresh/expression/pert_prediction_tahoe_regression/CVCL_0397.heldout_molecules/2026-05-26T00-35-00.599541.json
CVCL_0397,heldout_molecules,knn_baseline_boltz_affinity_pred_value_fragment,knn,boltz_affinity_pred_value_fragment,L2,5.952060168636448,0.0023808915888690408,0.01915270445022828,0.343559820554519,0.46575458004415904,benchmark/benchmark/submissions_tahoe_lfc_heldout_molecules_fresh/expression/pert_prediction_tahoe_regression/CVCL_0397.heldout_molecules/2026-05-26T00-34-48.780797.json
CVCL_0397,heldout_molecules,knn_baseline_boltz_affinity_pred_value_protein,knn,boltz_affinity_pred_value_protein,L2,5.965309027123146,0.0024002774995895504,0.019202314562158308,0.33913800079780415,0.46184961374773464,benchmark/benchmark/submissions_tahoe_lfc_heldout_molecules_fresh/expression/pert_prediction_tahoe_regression/CVCL_0397.heldout_molecules/2026-05-26T00-34-47.573048.json
CVCL_0397,heldout_molecules,knn_baseline_chatgpt,knn,chatgpt,L2,6.03158475095831,0.0024108932264949633,0.019392841781437496,0.3214280523439703,0.43454738283447003,benchmark/benchmark/submissions_tahoe_lfc_heldout_molecules_fresh/expression/pert_prediction_tahoe_regression/CVCL_0397.heldout_molecules/2026-05-26T00-34-17.259660.json
CVCL_0397,heldout_molecules,knn_baseline_ecfp:2,knn,ecfp:2,L2,5.99216748697149,0.002432928126694228,0.01925151187057317,0.33610772378990694,0.4505386898289263,benchmark/benchmark/submissions_tahoe_lfc_heldout_molecules_fresh/expression/pert_prediction_tahoe_regression/CVCL_0397.heldout_molecules/2026-05-26T00-35-04.834145.json
CVCL_0397,heldout_molecules,knn_baseline_erg,knn,erg,L2,5.9987602757764975,0.0024259990521316565,0.019312515179785893,0.3306573699288434,0.4485475825451456,benchmark/benchmark/submissions_tahoe_lfc_heldout_molecules_fresh/expression/pert_prediction_tahoe_regression/CVCL_0397.heldout_molecules/2026-05-26T00-34-53.522343.json
CVCL_0397,heldout_molecules,knn_baseline_maccs,knn,maccs,L2,6.001398521942304,0.002427932709220417,0.019277768722236823,0.33572968674635045,0.44987427212683156,benchmark/benchmark/submissions_tahoe_lfc_heldout_molecules_fresh/expression/pert_prediction_tahoe_regression/CVCL_0397.heldout_molecules/2026-05-26T00-34-18.085959.json
CVCL_0397,heldout_molecules,knn_baseline_morgan_initialized_lpm,knn,morgan_initialized_lpm,L2,6.035427617510392,0.0024696198675506955,0.019378040357660782,0.32254912593581053,0.4297941643946771,benchmark/benchmark/submissions_tahoe_lfc_heldout_molecules_fresh/expression/pert_prediction_tahoe_regression/CVCL_0397.heldout_molecules/2026-05-26T00-33-59.976410.json
CVCL_0397,heldout_molecules,knn_baseline_pca,knn,pca,L2,4.098973437748934,0.0013259650028534366,0.013561833192285041,0.6297520593015533,0.7976713716493408,benchmark/benchmark/submissions_tahoe_lfc_heldout_molecules_fresh/expression/pert_prediction_tahoe_regression/CVCL_0397.heldout_molecules/2026-05-26T00-34-05.268643.json
CVCL_0397,heldout_molecules,knn_baseline_random,knn,random,L2,6.063897861823788,0.002463705954211602,0.019486979485543777,0.3159489204606304,0.4277489373136856,benchmark/benchmark/submissions_tahoe_lfc_heldout_molecules_fresh/expression/pert_prediction_tahoe_regression/CVCL_0397.heldout_molecules/2026-05-26T00-33-59.996036.json
CVCL_0397,heldout_molecules,knn_baseline_secfp,knn,secfp,L2,6.03279340289573,0.002486364553710429,0.019359211948934134,0.3284429531333418,0.43934536933115637,benchmark/benchmark/submissions_tahoe_lfc_heldout_molecules_fresh/expression/pert_prediction_tahoe_regression/CVCL_0397.heldout_molecules/2026-05-26T00-34-49.038734.json
CVCL_0397,heldout_molecules,knn_baseline_topological,knn,topological,L2,6.021726935279187,0.0024611047908903163,0.0193600129461306,0.32837076959052364,0.4427561293980437,benchmark/benchmark/submissions_tahoe_lfc_heldout_molecules_fresh/expression/pert_prediction_tahoe_regression/CVCL_0397.heldout_molecules/2026-05-26T00-34-21.771580.json
CVCL_0397,heldout_molecules,knn_baseline_unimol2-570m-H,knn,unimol2-570m-H,L2,6.028323929091561,0.0024241030456391395,0.01937790906362461,0.3248522244505946,0.43896612050248196,benchmark/benchmark/submissions_tahoe_lfc_heldout_molecules_fresh/expression/pert_prediction_tahoe_regression/CVCL_0397.heldout_molecules/2026-05-26T00-35-09.388972.json
CVCL_0397,heldout_molecules,lasso_baseline_ChemBERTa-77M-MLM,lasso,ChemBERTa-77M-MLM,L2,6.002769655333459,0.002426437381648546,0.01928183533084011,0.33257272069980987,0.44794725410653585,benchmark/benchmark/submissions_tahoe_lfc_heldout_molecules_fresh/expression/pert_prediction_tahoe_regression/CVCL_0397.heldout_molecules/2026-05-26T00-34-27.160718.json
CVCL_0397,heldout_molecules,lasso_baseline_ChemBERTa-77M-MTR,lasso,ChemBERTa-77M-MTR,L2,5.991859909393117,0.002419446425262944,0.01926791853759991,0.3332244310303177,0.4526901338766596,benchmark/benchmark/submissions_tahoe_lfc_heldout_molecules_fresh/expression/pert_prediction_tahoe_regression/CVCL_0397.heldout_molecules/2026-05-26T00-34-22.526165.json
CVCL_0397,heldout_molecules,lasso_baseline_MiniMol,lasso,MiniMol,L2,5.9656802509183935,0.00240271519253725,0.019213237461038927,0.33531763249509844,0.45919642420637263,benchmark/benchmark/submissions_tahoe_lfc_heldout_molecules_fresh/expression/pert_prediction_tahoe_regression/CVCL_0397.heldout_molecules/2026-05-26T00-34-58.576465.json
CVCL_0397,heldout_molecules,lasso_baseline_MolT5,lasso,MolT5,L2,5.978351509193679,0.0024050824370394483,0.019238668198868457,0.3346783112523538,0.45429720409043534,benchmark/benchmark/submissions_tahoe_lfc_heldout_molecules_fresh/expression/pert_prediction_tahoe_regression/CVCL_0397.heldout_molecules/2026-05-26T00-35-07.424844.json
CVCL_0397,heldout_molecules,lasso_baseline_avalon,lasso,avalon,L2,5.992690943990574,0.0024111874506182363,0.019266300645041253,0.33351205824147573,0.4500180960801173,benchmark/benchmark/submissions_tahoe_lfc_heldout_molecules_fresh/expression/pert_prediction_tahoe_regression/CVCL_0397.heldout_molecules/2026-05-26T00-35-17.352393.json
CVCL_0397,heldout_molecules,lasso_baseline_boltz_affinity_pred_value_fragment,lasso,boltz_affinity_pred_value_fragment,L2,5.96307933800847,0.002405753036965046,0.01918713908487237,0.3382522966608532,0.462830904994341,benchmark/benchmark/submissions_tahoe_lfc_heldout_molecules_fresh/expression/pert_prediction_tahoe_regression/CVCL_0397.heldout_molecules/2026-05-26T00-35-03.012708.json
CVCL_0397,heldout_molecules,lasso_baseline_boltz_affinity_pred_value_protein,lasso,boltz_affinity_pred_value_protein,L2,5.969431697746734,0.002411425296421825,0.019210943126036648,0.3365784109615322,0.4599310099674388,benchmark/benchmark/submissions_tahoe_lfc_heldout_molecules_fresh/expression/pert_prediction_tahoe_regression/CVCL_0397.heldout_molecules/2026-05-26T00-35-02.979233.json
CVCL_0397,heldout_molecules,lasso_baseline_chatgpt,lasso,chatgpt,L2,5.934901141171537,0.002375984021989685,0.019161086768125214,0.33742778054910666,0.4641347248212784,benchmark/benchmark/submissions_tahoe_lfc_heldout_molecules_fresh/expression/pert_prediction_tahoe_regression/CVCL_0397.heldout_molecules/2026-05-26T00-34-29.986356.json
CVCL_0397,heldout_molecules,lasso_baseline_ecfp:2,lasso,ecfp:2,L2,6.014499929262875,0.002433744831222501,0.019299508558839287,0.33217245178790095,0.4444330099165165,benchmark/benchmark/submissions_tahoe_lfc_heldout_molecules_fresh/expression/pert_prediction_tahoe_regression/CVCL_0397.heldout_molecules/2026-05-26T00-35-18.504003.json
CVCL_0397,heldout_molecules,lasso_baseline_erg,lasso,erg,L2,5.9961133024069,0.002421344088354512,0.019270054771646936,0.33321174795591096,0.45074409509781405,benchmark/benchmark/submissions_tahoe_lfc_heldout_molecules_fresh/expression/pert_prediction_tahoe_regression/CVCL_0397.heldout_molecules/2026-05-26T00-35-09.466145.json
CVCL_0397,heldout_molecules,lasso_baseline_maccs,lasso,maccs,L2,6.00414716543334,0.0024289328914425183,0.01928553721604194,0.33242192781500624,0.4481098647149251,benchmark/benchmark/submissions_tahoe_lfc_heldout_molecules_fresh/expression/pert_prediction_tahoe_regression/CVCL_0397.heldout_molecules/2026-05-26T00-34-34.538646.json
CVCL_0397,heldout_molecules,lasso_baseline_morgan_initialized_lpm,lasso,morgan_initialized_lpm,L2,6.0536228247977695,0.00241460987627735,0.019281916844576037,0.33548706694917096,0.43102653556110837,benchmark/benchmark/submissions_tahoe_lfc_heldout_molecules_fresh/expression/pert_prediction_tahoe_regression/CVCL_0397.heldout_molecules/2026-05-26T00-34-14.634035.json
CVCL_0397,heldout_molecules,lasso_baseline_pca,lasso,pca,L2,2.6183526583296284,0.0003994148859861087,0.009813695350712947,0.6834521752371879,0.9005417362864123,benchmark/benchmark/submissions_tahoe_lfc_heldout_molecules_fresh/expression/pert_prediction_tahoe_regression/CVCL_0397.heldout_molecules/2026-05-26T00-34-26.665869.json
CVCL_0397,heldout_molecules,lasso_baseline_random,lasso,random,L2,6.009129849552747,0.0024332601341604354,0.019293269154885037,0.33219804198885905,0.44609142010660696,benchmark/benchmark/submissions_tahoe_lfc_heldout_molecules_fresh/expression/pert_prediction_tahoe_regression/CVCL_0397.heldout_molecules/2026-05-26T00-34-14.202944.json
CVCL_0397,heldout_molecules,lasso_baseline_secfp,lasso,secfp,L2,5.997384820411945,0.0024210662618711657,0.019273574004688463,0.3328541484146285,0.4500508924278181,benchmark/benchmark/submissions_tahoe_lfc_heldout_molecules_fresh/expression/pert_prediction_tahoe_regression/CVCL_0397.heldout_molecules/2026-05-26T00-35-04.293044.json
CVCL_0397,heldout_molecules,lasso_baseline_topological,lasso,topological,L2,6.00878437559954,0.002426802042019692,0.01928938009811647,0.33250394325163596,0.44628586892109123,benchmark/benchmark/submissions_tahoe_lfc_heldout_molecules_fresh/expression/pert_prediction_tahoe_regression/CVCL_0397.heldout_molecules/2026-05-26T00-34-38.265849.json
CVCL_0397,heldout_molecules,lasso_baseline_unimol2-570m-H,lasso,unimol2-570m-H,L2,6.007481335860792,0.0024318691303676907,0.01929228943542976,0.332209427569073,0.44645460300156936,benchmark/benchmark/submissions_tahoe_lfc_heldout_molecules_fresh/expression/pert_prediction_tahoe_regression/CVCL_0397.heldout_molecules/2026-05-26T00-35-20.583240.json
CVCL_0399,heldout_molecules,knn_baseline_ChemBERTa-77M-MLM,knn,ChemBERTa-77M-MLM,L2,5.5329622789747255,0.002098864829124268,0.017286717182614535,0.3325092099615987,0.43676613724563706,benchmark/benchmark/submissions_tahoe_lfc_heldout_molecules_fresh/expression/pert_prediction_tahoe_regression/CVCL_0399.heldout_molecules/2026-05-26T00-35-33.638068.json
CVCL_0399,heldout_molecules,knn_baseline_ChemBERTa-77M-MTR,knn,ChemBERTa-77M-MTR,L2,5.456383272342019,0.0020787995012534685,0.01709422633194562,0.3451990185886604,0.4590751424286382,benchmark/benchmark/submissions_tahoe_lfc_heldout_molecules_fresh/expression/pert_prediction_tahoe_regression/CVCL_0399.heldout_molecules/2026-05-26T00-35-33.139992.json
CVCL_0399,heldout_molecules,knn_baseline_MiniMol,knn,MiniMol,L2,5.347694036750205,0.0020151053039980152,0.016789585198110028,0.36854170399064673,0.4890864549180685,benchmark/benchmark/submissions_tahoe_lfc_heldout_molecules_fresh/expression/pert_prediction_tahoe_regression/CVCL_0399.heldout_molecules/2026-05-26T00-35-50.986646.json
CVCL_0399,heldout_molecules,knn_baseline_MolT5,knn,MolT5,L2,5.4856287292638015,0.0020807935637494122,0.017160948858588567,0.3435007915782902,0.4510327761305323,benchmark/benchmark/submissions_tahoe_lfc_heldout_molecules_fresh/expression/pert_prediction_tahoe_regression/CVCL_0399.heldout_molecules/2026-05-26T00-36-21.476927.json
CVCL_0399,heldout_molecules,knn_baseline_avalon,knn,avalon,L2,5.4152037999482605,0.002091416827753181,0.01698171491518346,0.35517236607936026,0.4720448556377689,benchmark/benchmark/submissions_tahoe_lfc_heldout_molecules_fresh/expression/pert_prediction_tahoe_regression/CVCL_0399.heldout_molecules/2026-05-26T00-36-22.539658.json
CVCL_0399,heldout_molecules,knn_baseline_boltz_affinity_pred_value_fragment,knn,boltz_affinity_pred_value_fragment,L2,5.3921182697200365,0.002035518345543776,0.016901832839632067,0.3617501179658042,0.48112452447166876,benchmark/benchmark/submissions_tahoe_lfc_heldout_molecules_fresh/expression/pert_prediction_tahoe_regression/CVCL_0399.heldout_molecules/2026-05-26T00-35-54.064366.json
CVCL_0399,heldout_molecules,knn_baseline_boltz_affinity_pred_value_protein,knn,boltz_affinity_pred_value_protein,L2,5.408437753176424,0.00205522036515881,0.01694989099653027,0.3572399000771509,0.47614806384269126,benchmark/benchmark/submissions_tahoe_lfc_heldout_molecules_fresh/expression/pert_prediction_tahoe_regression/CVCL_0399.heldout_molecules/2026-05-26T00-35-56.954737.json
CVCL_0399,heldout_molecules,knn_baseline_chatgpt,knn,chatgpt,L2,5.469978687452511,0.0020588286481474844,0.01715104892361883,0.341839598063316,0.45463175490367014,benchmark/benchmark/submissions_tahoe_lfc_heldout_molecules_fresh/expression/pert_prediction_tahoe_regression/CVCL_0399.heldout_molecules/2026-05-26T00-35-38.975393.json
CVCL_0399,heldout_molecules,knn_baseline_ecfp:2,knn,ecfp:2,L2,5.417266324462976,0.002079135658707799,0.016986438496516078,0.354191459887069,0.47037973167579195,benchmark/benchmark/submissions_tahoe_lfc_heldout_molecules_fresh/expression/pert_prediction_tahoe_regression/CVCL_0399.heldout_molecules/2026-05-26T00-36-27.554264.json
CVCL_0399,heldout_molecules,knn_baseline_erg,knn,erg,L2,5.43047281419408,0.0020809103162153044,0.017027175095316247,0.35006152054903955,0.46530280044085687,benchmark/benchmark/submissions_tahoe_lfc_heldout_molecules_fresh/expression/pert_prediction_tahoe_regression/CVCL_0399.heldout_molecules/2026-05-26T00-36-20.735718.json
CVCL_0399,heldout_molecules,knn_baseline_maccs,knn,maccs,L2,5.415966467770723,0.002071515540606944,0.016969702272955665,0.35770781806416396,0.4724219017992436,benchmark/benchmark/submissions_tahoe_lfc_heldout_molecules_fresh/expression/pert_prediction_tahoe_regression/CVCL_0399.heldout_molecules/2026-05-26T00-35-38.698286.json
CVCL_0399,heldout_molecules,knn_baseline_morgan_initialized_lpm,knn,morgan_initialized_lpm,L2,5.451220890879467,0.0021057398302776627,0.017045436919826056,0.3451110498649132,0.45144555236366257,benchmark/benchmark/submissions_tahoe_lfc_heldout_molecules_fresh/expression/pert_prediction_tahoe_regression/CVCL_0399.heldout_molecules/2026-05-26T00-35-09.608582.json
CVCL_0399,heldout_molecules,knn_baseline_pca,knn,pca,L2,3.705815282881412,0.0011713768443182293,0.011868228291195066,0.6504224658921115,0.8072994722095239,benchmark/benchmark/submissions_tahoe_lfc_heldout_molecules_fresh/expression/pert_prediction_tahoe_regression/CVCL_0399.heldout_molecules/2026-05-26T00-35-33.125899.json
CVCL_0399,heldout_molecules,knn_baseline_random,knn,random,L2,5.470563599431698,0.002105291639770505,0.017112328636636358,0.34604708028497555,0.4564720130572996,benchmark/benchmark/submissions_tahoe_lfc_heldout_molecules_fresh/expression/pert_prediction_tahoe_regression/CVCL_0399.heldout_molecules/2026-05-26T00-35-32.665162.json
CVCL_0399,heldout_molecules,knn_baseline_secfp,knn,secfp,L2,5.440915418768421,0.0021266025999723557,0.017021895698319637,0.3525073113407841,0.467348094420521,benchmark/benchmark/submissions_tahoe_lfc_heldout_molecules_fresh/expression/pert_prediction_tahoe_regression/CVCL_0399.heldout_molecules/2026-05-26T00-36-22.396654.json
CVCL_0399,heldout_molecules,knn_baseline_topological,knn,topological,L2,5.4424626306848864,0.0021033118765921848,0.01706198683990688,0.34878158849110696,0.46317672588224745,benchmark/benchmark/submissions_tahoe_lfc_heldout_molecules_fresh/expression/pert_prediction_tahoe_regression/CVCL_0399.heldout_molecules/2026-05-26T00-35-45.258994.json
CVCL_0399,heldout_molecules,knn_baseline_unimol2-570m-H,knn,unimol2-570m-H,L2,5.463265956417952,0.0020762920716697955,0.017112891249698618,0.34466632822411586,0.4579581847404236,benchmark/benchmark/submissions_tahoe_lfc_heldout_molecules_fresh/expression/pert_prediction_tahoe_regression/CVCL_0399.heldout_molecules/2026-05-26T00-36-29.033361.json
CVCL_0399,heldout_molecules,lasso_baseline_ChemBERTa-77M-MLM,lasso,ChemBERTa-77M-MLM,L2,5.430492386512171,0.0020741409308149506,0.017010119587625175,0.35258162921031555,0.46763065820302224,benchmark/benchmark/submissions_tahoe_lfc_heldout_molecules_fresh/expression/pert_prediction_tahoe_regression/CVCL_0399.heldout_molecules/2026-05-26T00-35-47.533781.json
CVCL_0399,heldout_molecules,lasso_baseline_ChemBERTa-77M-MTR,lasso,ChemBERTa-77M-MTR,L2,5.419317509837837,0.0020688972756522845,0.01699190641454647,0.35320342195326593,0.47182326497088134,benchmark/benchmark/submissions_tahoe_lfc_heldout_molecules_fresh/expression/pert_prediction_tahoe_regression/CVCL_0399.heldout_molecules/2026-05-26T00-35-47.697444.json
CVCL_0399,heldout_molecules,lasso_baseline_MiniMol,lasso,MiniMol,L2,5.39508664283856,0.0020523605402979575,0.01694422629254348,0.354787931609414,0.47664537535820334,benchmark/benchmark/submissions_tahoe_lfc_heldout_molecules_fresh/expression/pert_prediction_tahoe_regression/CVCL_0399.heldout_molecules/2026-05-26T00-36-04.286935.json
CVCL_0399,heldout_molecules,lasso_baseline_MolT5,lasso,MolT5,L2,5.421005260125822,0.0020623571113648005,0.016989493969834388,0.35321271129049225,0.4674873198311366,benchmark/benchmark/submissions_tahoe_lfc_heldout_molecules_fresh/expression/pert_prediction_tahoe_regression/CVCL_0399.heldout_molecules/2026-05-26T00-36-32.658704.json
CVCL_0399,heldout_molecules,lasso_baseline_avalon,lasso,avalon,L2,5.420632757593591,0.002062821059982138,0.016994152141241534,0.35294382987783357,0.46886074122082944,benchmark/benchmark/submissions_tahoe_lfc_heldout_molecules_fresh/expression/pert_prediction_tahoe_regression/CVCL_0399.heldout_molecules/2026-05-26T00-36-37.082304.json
CVCL_0399,heldout_molecules,lasso_baseline_boltz_affinity_pred_value_fragment,lasso,boltz_affinity_pred_value_fragment,L2,5.398311701253259,0.0020582117482796686,0.016924575531873806,0.35758871779504436,0.47952794477526384,benchmark/benchmark/submissions_tahoe_lfc_heldout_molecules_fresh/expression/pert_prediction_tahoe_regression/CVCL_0399.heldout_molecules/2026-05-26T00-36-08.977573.json
CVCL_0399,heldout_molecules,lasso_baseline_boltz_affinity_pred_value_protein,lasso,boltz_affinity_pred_value_protein,L2,5.400286373634062,0.0020611983556086877,0.01693941818076368,0.356093969185922,0.4774160167950877,benchmark/benchmark/submissions_tahoe_lfc_heldout_molecules_fresh/expression/pert_prediction_tahoe_regression/CVCL_0399.heldout_molecules/2026-05-26T00-36-11.770114.json
CVCL_0399,heldout_molecules,lasso_baseline_chatgpt,lasso,chatgpt,L2,5.361215908856176,0.002025763144869148,0.016891614594984082,0.3564387090341352,0.48151103131770384,benchmark/benchmark/submissions_tahoe_lfc_heldout_molecules_fresh/expression/pert_prediction_tahoe_regression/CVCL_0399.heldout_molecules/2026-05-26T00-35-51.375499.json
CVCL_0399,heldout_molecules,lasso_baseline_ecfp:2,lasso,ecfp:2,L2,5.443379498628436,0.0020816072320208965,0.017024548491054173,0.35228543472450774,0.46446884185508625,benchmark/benchmark/submissions_tahoe_lfc_heldout_molecules_fresh/expression/pert_prediction_tahoe_regression/CVCL_0399.heldout_molecules/2026-05-26T00-36-39.746444.json
CVCL_0399,heldout_molecules,lasso_baseline_erg,lasso,erg,L2,5.420220702117719,0.0020665269093018274,0.01698963787487195,0.35343638566362423,0.4714621344607038,benchmark/benchmark/submissions_tahoe_lfc_heldout_molecules_fresh/expression/pert_prediction_tahoe_regression/CVCL_0399.heldout_molecules/2026-05-26T00-36-35.257748.json
CVCL_0399,heldout_molecules,lasso_baseline_maccs,lasso,maccs,L2,5.430118394759533,0.0020753889801913413,0.01701033928083889,0.3524421834366205,0.4685711882691639,benchmark/benchmark/submissions_tahoe_lfc_heldout_molecules_fresh/expression/pert_prediction_tahoe_regression/CVCL_0399.heldout_molecules/2026-05-26T00-35-54.396598.json
CVCL_0399,heldout_molecules,lasso_baseline_morgan_initialized_lpm,lasso,morgan_initialized_lpm,L2,5.509327916870423,0.00206553583350307,0.017044080305816244,0.35540953380621276,0.44415817758996184,benchmark/benchmark/submissions_tahoe_lfc_heldout_molecules_fresh/expression/pert_prediction_tahoe_regression/CVCL_0399.heldout_molecules/2026-05-26T00-35-24.752118.json
CVCL_0399,heldout_molecules,lasso_baseline_pca,lasso,pca,L2,2.432195563814123,0.0004224344448813532,0.00882581697308697,0.6925993563647658,0.9057024002948415,benchmark/benchmark/submissions_tahoe_lfc_heldout_molecules_fresh/expression/pert_prediction_tahoe_regression/CVCL_0399.heldout_molecules/2026-05-26T00-35-53.086855.json
CVCL_0399,heldout_molecules,lasso_baseline_random,lasso,random,L2,5.4357723381497545,0.0020795577458843553,0.017016818619223186,0.35233488908863697,0.46682675689192343,benchmark/benchmark/submissions_tahoe_lfc_heldout_molecules_fresh/expression/pert_prediction_tahoe_regression/CVCL_0399.heldout_molecules/2026-05-26T00-35-46.966667.json
CVCL_0399,heldout_molecules,lasso_baseline_secfp,lasso,secfp,L2,5.42798152408286,0.002072759253649728,0.017004306004111572,0.3528237528510614,0.469193458446515,benchmark/benchmark/submissions_tahoe_lfc_heldout_molecules_fresh/expression/pert_prediction_tahoe_regression/CVCL_0399.heldout_molecules/2026-05-26T00-36-36.857532.json
CVCL_0399,heldout_molecules,lasso_baseline_topological,lasso,topological,L2,5.43721172416131,0.0020745037023962892,0.0170147855319245,0.3526221177664755,0.4659155093114341,benchmark/benchmark/submissions_tahoe_lfc_heldout_molecules_fresh/expression/pert_prediction_tahoe_regression/CVCL_0399.heldout_molecules/2026-05-26T00-36-01.171942.json
CVCL_0399,heldout_molecules,lasso_baseline_unimol2-570m-H,lasso,unimol2-570m-H,L2,5.429501742245247,0.002070319167613974,0.016999552810168805,0.3530001149908946,0.46611715311570634,benchmark/benchmark/submissions_tahoe_lfc_heldout_molecules_fresh/expression/pert_prediction_tahoe_regression/CVCL_0399.heldout_molecules/2026-05-26T00-36-40.963998.json
CVCL_0428,heldout_molecules,knn_baseline_ChemBERTa-77M-MLM,knn,ChemBERTa-77M-MLM,L2,5.987039495660231,0.002363749881446462,0.01878286598636149,0.31274532166753255,0.41060028203226956,benchmark/benchmark/submissions_tahoe_lfc_heldout_molecules_fresh/expression/pert_prediction_tahoe_regression/CVCL_0428.heldout_molecules/2026-05-26T00-37-12.762073.json
CVCL_0428,heldout_molecules,knn_baseline_ChemBERTa-77M-MTR,knn,ChemBERTa-77M-MTR,L2,5.9152251744922015,0.002337345770191284,0.018554870530264736,0.33218490593790534,0.4358962059193943,benchmark/benchmark/submissions_tahoe_lfc_heldout_molecules_fresh/expression/pert_prediction_tahoe_regression/CVCL_0428.heldout_molecules/2026-05-26T00-36-42.812399.json
CVCL_0428,heldout_molecules,knn_baseline_MiniMol,knn,MiniMol,L2,5.845560383919085,0.002292993880335033,0.018360690094133797,0.35160133084989675,0.4590626263039302,benchmark/benchmark/submissions_tahoe_lfc_heldout_molecules_fresh/expression/pert_prediction_tahoe_regression/CVCL_0428.heldout_molecules/2026-05-26T00-37-19.181095.json
CVCL_0428,heldout_molecules,knn_baseline_MolT5,knn,MolT5,L2,5.973751517623998,0.0023577781022144045,0.01872060154342882,0.3198607871461265,0.41587988753952976,benchmark/benchmark/submissions_tahoe_lfc_heldout_molecules_fresh/expression/pert_prediction_tahoe_regression/CVCL_0428.heldout_molecules/2026-05-26T00-37-35.047611.json
CVCL_0428,heldout_molecules,knn_baseline_avalon,knn,avalon,L2,5.9052878279462355,0.0023574079987447507,0.018522352503796306,0.33651844399601877,0.43792835145618914,benchmark/benchmark/submissions_tahoe_lfc_heldout_molecules_fresh/expression/pert_prediction_tahoe_regression/CVCL_0428.heldout_molecules/2026-05-26T00-37-58.621299.json
CVCL_0428,heldout_molecules,knn_baseline_boltz_affinity_pred_value_fragment,knn,boltz_affinity_pred_value_fragment,L2,5.912799647557545,0.002334227818612923,0.01854205371697339,0.3378585192738049,0.43937072984909536,benchmark/benchmark/submissions_tahoe_lfc_heldout_molecules_fresh/expression/pert_prediction_tahoe_regression/CVCL_0428.heldout_molecules/2026-05-26T00-37-20.353542.json
CVCL_0428,heldout_molecules,knn_baseline_boltz_affinity_pred_value_protein,knn,boltz_affinity_pred_value_protein,L2,5.929610154018082,0.002345654466636284,0.0185925910209881,0.33330331380620987,0.43399376625314406,benchmark/benchmark/submissions_tahoe_lfc_heldout_molecules_fresh/expression/pert_prediction_tahoe_regression/CVCL_0428.heldout_molecules/2026-05-26T00-37-24.992033.json
CVCL_0428,heldout_molecules,knn_baseline_chatgpt,knn,chatgpt,L2,5.932272060348808,0.0023013758327891714,0.01870147576987993,0.3194920799256363,0.42996039757913146,benchmark/benchmark/submissions_tahoe_lfc_heldout_molecules_fresh/expression/pert_prediction_tahoe_regression/CVCL_0428.heldout_molecules/2026-05-26T00-37-13.296775.json
CVCL_0428,heldout_molecules,knn_baseline_ecfp:2,knn,ecfp:2,L2,5.948856036177544,0.0023723374213094673,0.018687474173123525,0.32161493030986826,0.4228270082932328,benchmark/benchmark/submissions_tahoe_lfc_heldout_molecules_fresh/expression/pert_prediction_tahoe_regression/CVCL_0428.heldout_molecules/2026-05-26T00-37-58.785931.json
CVCL_0428,heldout_molecules,knn_baseline_erg,knn,erg,L2,5.933978738982319,0.002360404315592457,0.018629289557737582,0.32694248167946754,0.42895106933910426,benchmark/benchmark/submissions_tahoe_lfc_heldout_molecules_fresh/expression/pert_prediction_tahoe_regression/CVCL_0428.heldout_molecules/2026-05-26T00-37-33.224231.json
CVCL_0428,heldout_molecules,knn_baseline_maccs,knn,maccs,L2,5.922993584867894,0.0023533133049029216,0.018584156251458657,0.333613107598756,0.4320934113206646,benchmark/benchmark/submissions_tahoe_lfc_heldout_molecules_fresh/expression/pert_prediction_tahoe_regression/CVCL_0428.heldout_molecules/2026-05-26T00-37-12.518370.json
CVCL_0428,heldout_molecules,knn_baseline_morgan_initialized_lpm,knn,morgan_initialized_lpm,L2,5.936591298830655,0.0023880620236736987,0.018613638291410946,0.32707383398003825,0.42120237883380274,benchmark/benchmark/submissions_tahoe_lfc_heldout_molecules_fresh/expression/pert_prediction_tahoe_regression/CVCL_0428.heldout_molecules/2026-05-26T00-36-32.443020.json
CVCL_0428,heldout_molecules,knn_baseline_pca,knn,pca,L2,3.95273470445872,0.00128507542287511,0.012728384636017206,0.6401665816450842,0.8037076050463651,benchmark/benchmark/submissions_tahoe_lfc_heldout_molecules_fresh/expression/pert_prediction_tahoe_regression/CVCL_0428.heldout_molecules/2026-05-26T00-36-40.482352.json
CVCL_0428,heldout_molecules,knn_baseline_random,knn,random,L2,5.914574489287883,0.002335638640726397,0.018564131489008397,0.33136810400899425,0.43523925584576545,benchmark/benchmark/submissions_tahoe_lfc_heldout_molecules_fresh/expression/pert_prediction_tahoe_regression/CVCL_0428.heldout_molecules/2026-05-26T00-36-37.547704.json
CVCL_0428,heldout_molecules,knn_baseline_secfp,knn,secfp,L2,5.914148694347641,0.002381528468704995,0.018552292684729993,0.3348217429828049,0.43732484932185084,benchmark/benchmark/submissions_tahoe_lfc_heldout_molecules_fresh/expression/pert_prediction_tahoe_regression/CVCL_0428.heldout_molecules/2026-05-26T00-37-32.352632.json
CVCL_0428,heldout_molecules,knn_baseline_topological,knn,topological,L2,5.916717689581214,0.002362819747928985,0.018569997637147097,0.3331669988374401,0.4347441006672015,benchmark/benchmark/submissions_tahoe_lfc_heldout_molecules_fresh/expression/pert_prediction_tahoe_regression/CVCL_0428.heldout_molecules/2026-05-26T00-37-14.026500.json
CVCL_0428,heldout_molecules,knn_baseline_unimol2-570m-H,knn,unimol2-570m-H,L2,5.965115294629957,0.0023588690954060806,0.01870447318054899,0.32073424880910234,0.4184549079278813,benchmark/benchmark/submissions_tahoe_lfc_heldout_molecules_fresh/expression/pert_prediction_tahoe_regression/CVCL_0428.heldout_molecules/2026-05-26T00-37-58.458972.json
CVCL_0428,heldout_molecules,lasso_baseline_ChemBERTa-77M-MLM,lasso,ChemBERTa-77M-MLM,L2,5.894462732530339,0.0023307922716401704,0.01849423186182133,0.3362871069650045,0.4416588631104205,benchmark/benchmark/submissions_tahoe_lfc_heldout_molecules_fresh/expression/pert_prediction_tahoe_regression/CVCL_0428.heldout_molecules/2026-05-26T00-37-27.366784.json
CVCL_0428,heldout_molecules,lasso_baseline_ChemBERTa-77M-MTR,lasso,ChemBERTa-77M-MTR,L2,5.896906489789772,0.0023353689895419705,0.018495944944389484,0.3362299936044955,0.44092758006352545,benchmark/benchmark/submissions_tahoe_lfc_heldout_molecules_fresh/expression/pert_prediction_tahoe_regression/CVCL_0428.heldout_molecules/2026-05-26T00-36-58.050487.json
CVCL_0428,heldout_molecules,lasso_baseline_MiniMol,lasso,MiniMol,L2,5.888606396628653,0.0023269596257258626,0.018483397062092278,0.33709566056892265,0.4437748793280552,benchmark/benchmark/submissions_tahoe_lfc_heldout_molecules_fresh/expression/pert_prediction_tahoe_regression/CVCL_0428.heldout_molecules/2026-05-26T00-37-31.524032.json
CVCL_0428,heldout_molecules,lasso_baseline_MolT5,lasso,MolT5,L2,5.912743163218671,0.002335411104035304,0.01852701350197611,0.33494146938497,0.434015727058641,benchmark/benchmark/submissions_tahoe_lfc_heldout_molecules_fresh/expression/pert_prediction_tahoe_regression/CVCL_0428.heldout_molecules/2026-05-26T00-37-48.634981.json
CVCL_0428,heldout_molecules,lasso_baseline_avalon,lasso,avalon,L2,5.904664767506702,0.002329195698471418,0.018507862360256637,0.3363921226146271,0.43689080701747984,benchmark/benchmark/submissions_tahoe_lfc_heldout_molecules_fresh/expression/pert_prediction_tahoe_regression/CVCL_0428.heldout_molecules/2026-05-26T00-38-13.998280.json
CVCL_0428,heldout_molecules,lasso_baseline_boltz_affinity_pred_value_fragment,lasso,boltz_affinity_pred_value_fragment,L2,5.895637826772137,0.0023346104308653126,0.01849515730291416,0.33623219306103264,0.4413682395608022,benchmark/benchmark/submissions_tahoe_lfc_heldout_molecules_fresh/expression/pert_prediction_tahoe_regression/CVCL_0428.heldout_molecules/2026-05-26T00-37-36.247305.json
CVCL_0428,heldout_molecules,lasso_baseline_boltz_affinity_pred_value_protein,lasso,boltz_affinity_pred_value_protein,L2,5.8962122114253726,0.002334899745071069,0.018495721044858957,0.3362142257511775,0.441053304807681,benchmark/benchmark/submissions_tahoe_lfc_heldout_molecules_fresh/expression/pert_prediction_tahoe_regression/CVCL_0428.heldout_molecules/2026-05-26T00-37-41.953431.json
CVCL_0428,heldout_molecules,lasso_baseline_chatgpt,lasso,chatgpt,L2,5.854965693606713,0.0022956570468813113,0.018425794612262802,0.33939428445988623,0.45393003272429167,benchmark/benchmark/submissions_tahoe_lfc_heldout_molecules_fresh/expression/pert_prediction_tahoe_regression/CVCL_0428.heldout_molecules/2026-05-26T00-37-24.655095.json
CVCL_0428,heldout_molecules,lasso_baseline_ecfp:2,lasso,ecfp:2,L2,5.9047666227770765,0.0023383728129852148,0.01850655567046979,0.33617090645304826,0.43928577535629093,benchmark/benchmark/submissions_tahoe_lfc_heldout_molecules_fresh/expression/pert_prediction_tahoe_regression/CVCL_0428.heldout_molecules/2026-05-26T00-38-09.009270.json
CVCL_0428,heldout_molecules,lasso_baseline_erg,lasso,erg,L2,5.896906489789772,0.0023353689895419705,0.018495944944389484,0.3362299936044955,0.44092758006352545,benchmark/benchmark/submissions_tahoe_lfc_heldout_molecules_fresh/expression/pert_prediction_tahoe_regression/CVCL_0428.heldout_molecules/2026-05-26T00-37-47.900843.json
CVCL_0428,heldout_molecules,lasso_baseline_maccs,lasso,maccs,L2,5.892072768110507,0.0023308166276897347,0.01849228473423663,0.3363176296942958,0.44294104694175923,benchmark/benchmark/submissions_tahoe_lfc_heldout_molecules_fresh/expression/pert_prediction_tahoe_regression/CVCL_0428.heldout_molecules/2026-05-26T00-37-26.874795.json
CVCL_0428,heldout_molecules,lasso_baseline_morgan_initialized_lpm,lasso,morgan_initialized_lpm,L2,6.035550758676087,0.0023895807460772482,0.018637501535733646,0.33658155376316246,0.402328049353839,benchmark/benchmark/submissions_tahoe_lfc_heldout_molecules_fresh/expression/pert_prediction_tahoe_regression/CVCL_0428.heldout_molecules/2026-05-26T00-36-49.563323.json
CVCL_0428,heldout_molecules,lasso_baseline_pca,lasso,pca,L2,2.639199674112038,0.0005574205293646003,0.00964551158356109,0.691707852909516,0.9048202341242152,benchmark/benchmark/submissions_tahoe_lfc_heldout_molecules_fresh/expression/pert_prediction_tahoe_regression/CVCL_0428.heldout_molecules/2026-05-26T00-37-03.843934.json
CVCL_0428,heldout_molecules,lasso_baseline_random,lasso,random,L2,5.896930799351884,0.002335385977916783,0.01849597217741831,0.33622998618831584,0.44091662724056696,benchmark/benchmark/submissions_tahoe_lfc_heldout_molecules_fresh/expression/pert_prediction_tahoe_regression/CVCL_0428.heldout_molecules/2026-05-26T00-36-52.451128.json
CVCL_0428,heldout_molecules,lasso_baseline_secfp,lasso,secfp,L2,5.903184240458996,0.002335820255719491,0.018506467544989965,0.3361556292399696,0.4406475358495499,benchmark/benchmark/submissions_tahoe_lfc_heldout_molecules_fresh/expression/pert_prediction_tahoe_regression/CVCL_0428.heldout_molecules/2026-05-26T00-37-47.030434.json
CVCL_0428,heldout_molecules,lasso_baseline_topological,lasso,topological,L2,5.896906489789772,0.0023353689895419705,0.018495944944389484,0.3362299936044955,0.44092758006352545,benchmark/benchmark/submissions_tahoe_lfc_heldout_molecules_fresh/expression/pert_prediction_tahoe_regression/CVCL_0428.heldout_molecules/2026-05-26T00-37-28.620592.json
CVCL_0428,heldout_molecules,lasso_baseline_unimol2-570m-H,lasso,unimol2-570m-H,L2,5.897369118358125,0.002335374103892131,0.018496555184528196,0.33621941527937776,0.44073807059760955,benchmark/benchmark/submissions_tahoe_lfc_heldout_molecules_fresh/expression/pert_prediction_tahoe_regression/CVCL_0428.heldout_molecules/2026-05-26T00-38-09.199478.json
CVCL_0459,heldout_molecules,knn_baseline_ChemBERTa-77M-MLM,knn,ChemBERTa-77M-MLM,L2,5.489048984788858,0.002164542662329789,0.016083548091867152,0.3375256614501313,0.40690771899557104,benchmark/benchmark/submissions_tahoe_lfc_heldout_molecules_fresh/expression/pert_prediction_tahoe_regression/CVCL_0459.heldout_molecules/2026-05-26T00-38-14.794335.json
CVCL_0459,heldout_molecules,knn_baseline_ChemBERTa-77M-MTR,knn,ChemBERTa-77M-MTR,L2,5.411573162110959,0.002137742333243912,0.015844467573932305,0.3540267725711562,0.4316089759477075,benchmark/benchmark/submissions_tahoe_lfc_heldout_molecules_fresh/expression/pert_prediction_tahoe_regression/CVCL_0459.heldout_molecules/2026-05-26T00-38-08.629282.json
CVCL_0459,heldout_molecules,knn_baseline_MiniMol,knn,MiniMol,L2,5.356889853789295,0.0021071583958769523,0.015724784331416934,0.3683721527254993,0.4543439470160805,benchmark/benchmark/submissions_tahoe_lfc_heldout_molecules_fresh/expression/pert_prediction_tahoe_regression/CVCL_0459.heldout_molecules/2026-05-26T00-38-43.552954.json
CVCL_0459,heldout_molecules,knn_baseline_MolT5,knn,MolT5,L2,5.4844963680477985,0.0021579478358025625,0.016039891107895568,0.34264813525590077,0.4078286042109158,benchmark/benchmark/submissions_tahoe_lfc_heldout_molecules_fresh/expression/pert_prediction_tahoe_regression/CVCL_0459.heldout_molecules/2026-05-26T00-38-55.897174.json
CVCL_0459,heldout_molecules,knn_baseline_avalon,knn,avalon,L2,5.4275075404428375,0.0021666395975865286,0.01588043618889968,0.3496694552450018,0.42103152222185364,benchmark/benchmark/submissions_tahoe_lfc_heldout_molecules_fresh/expression/pert_prediction_tahoe_regression/CVCL_0459.heldout_molecules/2026-05-26T00-39-02.101731.json
CVCL_0459,heldout_molecules,knn_baseline_boltz_affinity_pred_value_fragment,knn,boltz_affinity_pred_value_fragment,L2,5.417190764958769,0.002130287360964488,0.01585732927441075,0.35903506296273685,0.4326172827000378,benchmark/benchmark/submissions_tahoe_lfc_heldout_molecules_fresh/expression/pert_prediction_tahoe_regression/CVCL_0459.heldout_molecules/2026-05-26T00-38-44.184206.json
CVCL_0459,heldout_molecules,knn_baseline_boltz_affinity_pred_value_protein,knn,boltz_affinity_pred_value_protein,L2,5.432801466167705,0.0021569030638766713,0.015908099093528253,0.3546102255983859,0.42588844167435713,benchmark/benchmark/submissions_tahoe_lfc_heldout_molecules_fresh/expression/pert_prediction_tahoe_regression/CVCL_0459.heldout_molecules/2026-05-26T00-38-44.251209.json
CVCL_0459,heldout_molecules,knn_baseline_chatgpt,knn,chatgpt,L2,5.420786183520734,0.002109580304524813,0.015975214059733324,0.3435820546054654,0.4331118601669272,benchmark/benchmark/submissions_tahoe_lfc_heldout_molecules_fresh/expression/pert_prediction_tahoe_regression/CVCL_0459.heldout_molecules/2026-05-26T00-38-15.672992.json
CVCL_0459,heldout_molecules,knn_baseline_ecfp:2,knn,ecfp:2,L2,5.382912999673994,0.002143396204297688,0.015763681952908414,0.35965930233523125,0.43774123566982015,benchmark/benchmark/submissions_tahoe_lfc_heldout_molecules_fresh/expression/pert_prediction_tahoe_regression/CVCL_0459.heldout_molecules/2026-05-26T00-39-05.842865.json
CVCL_0459,heldout_molecules,knn_baseline_erg,knn,erg,L2,5.423383038996311,0.0021587675053551304,0.01590388149986948,0.349188715402682,0.42561445471506626,benchmark/benchmark/submissions_tahoe_lfc_heldout_molecules_fresh/expression/pert_prediction_tahoe_regression/CVCL_0459.heldout_molecules/2026-05-26T00-38-50.232565.json
CVCL_0459,heldout_molecules,knn_baseline_maccs,knn,maccs,L2,5.425932293618043,0.002149178459700923,0.01589043675987501,0.3529221109313336,0.42419960889205455,benchmark/benchmark/submissions_tahoe_lfc_heldout_molecules_fresh/expression/pert_prediction_tahoe_regression/CVCL_0459.heldout_molecules/2026-05-26T00-38-19.064924.json
CVCL_0459,heldout_molecules,knn_baseline_morgan_initialized_lpm,knn,morgan_initialized_lpm,L2,5.401170516804388,0.00215262527782741,0.015801900133474243,0.35429515718565385,0.42247490794813364,benchmark/benchmark/submissions_tahoe_lfc_heldout_molecules_fresh/expression/pert_prediction_tahoe_regression/CVCL_0459.heldout_molecules/2026-05-26T00-37-57.491998.json
CVCL_0459,heldout_molecules,knn_baseline_pca,knn,pca,L2,3.4526174300082935,0.001119433114913588,0.010383629525950969,0.6762956767460303,0.8299169143669914,benchmark/benchmark/submissions_tahoe_lfc_heldout_molecules_fresh/expression/pert_prediction_tahoe_regression/CVCL_0459.heldout_molecules/2026-05-26T00-38-03.949495.json
CVCL_0459,heldout_molecules,knn_baseline_random,knn,random,L2,5.455803225146274,0.002170952035410484,0.015972569998811772,0.3457936185517164,0.415470827353658,benchmark/benchmark/submissions_tahoe_lfc_heldout_molecules_fresh/expression/pert_prediction_tahoe_regression/CVCL_0459.heldout_molecules/2026-05-26T00-38-03.327876.json
CVCL_0459,heldout_molecules,knn_baseline_secfp,knn,secfp,L2,5.401629539700564,0.0021748897162028307,0.015805079005522457,0.35845492425158154,0.43303032627313864,benchmark/benchmark/submissions_tahoe_lfc_heldout_molecules_fresh/expression/pert_prediction_tahoe_regression/CVCL_0459.heldout_molecules/2026-05-26T00-38-50.903711.json
CVCL_0459,heldout_molecules,knn_baseline_topological,knn,topological,L2,5.4166338248959995,0.0021652398560839956,0.015871129048612476,0.35224656703665036,0.4248440071509793,benchmark/benchmark/submissions_tahoe_lfc_heldout_molecules_fresh/expression/pert_prediction_tahoe_regression/CVCL_0459.heldout_molecules/2026-05-26T00-38-45.035246.json
CVCL_0459,heldout_molecules,knn_baseline_unimol2-570m-H,knn,unimol2-570m-H,L2,5.463978334895982,0.002160262196783915,0.016028907100356506,0.34246148379355273,0.41169818143202247,benchmark/benchmark/submissions_tahoe_lfc_heldout_molecules_fresh/expression/pert_prediction_tahoe_regression/CVCL_0459.heldout_molecules/2026-05-26T00-39-05.825678.json
CVCL_0459,heldout_molecules,lasso_baseline_ChemBERTa-77M-MLM,lasso,ChemBERTa-77M-MLM,L2,5.415436121139492,0.0021428307291776636,0.015845678262310925,0.354764583429034,0.4279677824874182,benchmark/benchmark/submissions_tahoe_lfc_heldout_molecules_fresh/expression/pert_prediction_tahoe_regression/CVCL_0459.heldout_molecules/2026-05-26T00-38-29.686251.json
CVCL_0459,heldout_molecules,lasso_baseline_ChemBERTa-77M-MTR,lasso,ChemBERTa-77M-MTR,L2,5.417038631234676,0.002152003377732572,0.015847465526733235,0.3547209651259297,0.4277684082806142,benchmark/benchmark/submissions_tahoe_lfc_heldout_molecules_fresh/expression/pert_prediction_tahoe_regression/CVCL_0459.heldout_molecules/2026-05-26T00-38-24.482917.json
CVCL_0459,heldout_molecules,lasso_baseline_MiniMol,lasso,MiniMol,L2,5.395077489862284,0.0021323539329351398,0.015819513664524165,0.3554562939190263,0.43634260842517464,benchmark/benchmark/submissions_tahoe_lfc_heldout_molecules_fresh/expression/pert_prediction_tahoe_regression/CVCL_0459.heldout_molecules/2026-05-26T00-38-54.803214.json
CVCL_0459,heldout_molecules,lasso_baseline_MolT5,lasso,MolT5,L2,5.421307329417237,0.002136142126003689,0.015855039832430667,0.35457513059077905,0.4253006305529498,benchmark/benchmark/submissions_tahoe_lfc_heldout_molecules_fresh/expression/pert_prediction_tahoe_regression/CVCL_0459.heldout_molecules/2026-05-26T00-39-08.845977.json
CVCL_0459,heldout_molecules,lasso_baseline_avalon,lasso,avalon,L2,5.422676641089651,0.002133959795930237,0.015863499552438293,0.35475793234588515,0.42678031202729194,benchmark/benchmark/submissions_tahoe_lfc_heldout_molecules_fresh/expression/pert_prediction_tahoe_regression/CVCL_0459.heldout_molecules/2026-05-26T00-39-18.380509.json
CVCL_0459,heldout_molecules,lasso_baseline_boltz_affinity_pred_value_fragment,lasso,boltz_affinity_pred_value_fragment,L2,5.409747893751812,0.00214776426248561,0.015839580698086986,0.35483503009808964,0.430428446778647,benchmark/benchmark/submissions_tahoe_lfc_heldout_molecules_fresh/expression/pert_prediction_tahoe_regression/CVCL_0459.heldout_molecules/2026-05-26T00-38-58.916548.json
CVCL_0459,heldout_molecules,lasso_baseline_boltz_affinity_pred_value_protein,lasso,boltz_affinity_pred_value_protein,L2,5.404684199827696,0.0021450464794385777,0.01584155267442515,0.3554811734752677,0.43442309752764247,benchmark/benchmark/submissions_tahoe_lfc_heldout_molecules_fresh/expression/pert_prediction_tahoe_regression/CVCL_0459.heldout_molecules/2026-05-26T00-38-58.810768.json
CVCL_0459,heldout_molecules,lasso_baseline_chatgpt,lasso,chatgpt,L2,5.375954258166452,0.002117407108310135,0.01578154139297624,0.3571882026982481,0.44292924835215186,benchmark/benchmark/submissions_tahoe_lfc_heldout_molecules_fresh/expression/pert_prediction_tahoe_regression/CVCL_0459.heldout_molecules/2026-05-26T00-38-29.230976.json
CVCL_0459,heldout_molecules,lasso_baseline_ecfp:2,lasso,ecfp:2,L2,5.433638188243016,0.0021558447599892565,0.01587327895364919,0.35418983630013706,0.422905606630586,benchmark/benchmark/submissions_tahoe_lfc_heldout_molecules_fresh/expression/pert_prediction_tahoe_regression/CVCL_0459.heldout_molecules/2026-05-26T00-39-16.653698.json
CVCL_0459,heldout_molecules,lasso_baseline_erg,lasso,erg,L2,5.417038631234676,0.002152003377732572,0.015847465526733235,0.3547209651259297,0.4277684082806142,benchmark/benchmark/submissions_tahoe_lfc_heldout_molecules_fresh/expression/pert_prediction_tahoe_regression/CVCL_0459.heldout_molecules/2026-05-26T00-39-06.934352.json
CVCL_0459,heldout_molecules,lasso_baseline_maccs,lasso,maccs,L2,5.4145704351341415,0.0021460227599038035,0.015845628137593812,0.3546513768450832,0.42872935426473674,benchmark/benchmark/submissions_tahoe_lfc_heldout_molecules_fresh/expression/pert_prediction_tahoe_regression/CVCL_0459.heldout_molecules/2026-05-26T00-38-34.303304.json
CVCL_0459,heldout_molecules,lasso_baseline_morgan_initialized_lpm,lasso,morgan_initialized_lpm,L2,5.509361828406151,0.0021185553643927693,0.015916018863487705,0.3584041758427189,0.40777666938885887,benchmark/benchmark/submissions_tahoe_lfc_heldout_molecules_fresh/expression/pert_prediction_tahoe_regression/CVCL_0459.heldout_molecules/2026-05-26T00-38-11.760056.json
CVCL_0459,heldout_molecules,lasso_baseline_pca,lasso,pca,L2,2.179729518567767,0.0004177133981630925,0.00762828384488956,0.7108928194333063,0.9226228570289102,benchmark/benchmark/submissions_tahoe_lfc_heldout_molecules_fresh/expression/pert_prediction_tahoe_regression/CVCL_0459.heldout_molecules/2026-05-26T00-38-24.886652.json
CVCL_0459,heldout_molecules,lasso_baseline_random,lasso,random,L2,5.417038631234676,0.002152003377732572,0.015847465526733235,0.3547209651259297,0.4277684082806142,benchmark/benchmark/submissions_tahoe_lfc_heldout_molecules_fresh/expression/pert_prediction_tahoe_regression/CVCL_0459.heldout_molecules/2026-05-26T00-38-18.937560.json
CVCL_0459,heldout_molecules,lasso_baseline_secfp,lasso,secfp,L2,5.422386323569517,0.0021485900599927063,0.015853055423347102,0.3545788856588612,0.42611956206824286,benchmark/benchmark/submissions_tahoe_lfc_heldout_molecules_fresh/expression/pert_prediction_tahoe_regression/CVCL_0459.heldout_molecules/2026-05-26T00-39-07.245976.json
CVCL_0459,heldout_molecules,lasso_baseline_topological,lasso,topological,L2,5.418401713386266,0.002137467725133502,0.015850016280444277,0.3546914207260355,0.4275672741396453,benchmark/benchmark/submissions_tahoe_lfc_heldout_molecules_fresh/expression/pert_prediction_tahoe_regression/CVCL_0459.heldout_molecules/2026-05-26T00-38-58.797654.json
CVCL_0459,heldout_molecules,lasso_baseline_unimol2-570m-H,lasso,unimol2-570m-H,L2,5.416786321983123,0.002151785343008552,0.015847198981994944,0.3547305617839784,0.4278217531788588,benchmark/benchmark/submissions_tahoe_lfc_heldout_molecules_fresh/expression/pert_prediction_tahoe_regression/CVCL_0459.heldout_molecules/2026-05-26T00-39-19.381168.json
CVCL_0480,heldout_molecules,knn_baseline_ChemBERTa-77M-MLM,knn,ChemBERTa-77M-MLM,L2,5.588005877760761,0.0022131600020506435,0.017835982774498518,0.368006749137543,0.45708091032725146,benchmark/benchmark/submissions_tahoe_lfc_heldout_molecules_fresh/expression/pert_prediction_tahoe_regression/CVCL_0480.heldout_molecules/2026-05-26T00-39-33.352756.json
CVCL_0480,heldout_molecules,knn_baseline_ChemBERTa-77M-MTR,knn,ChemBERTa-77M-MTR,L2,5.515914445332268,0.002184791842670497,0.017577811814575087,0.38693535796677225,0.482059274939607,benchmark/benchmark/submissions_tahoe_lfc_heldout_molecules_fresh/expression/pert_prediction_tahoe_regression/CVCL_0480.heldout_molecules/2026-05-26T00-39-27.911306.json
CVCL_0480,heldout_molecules,knn_baseline_MiniMol,knn,MiniMol,L2,5.462702814599012,0.0021502586170854075,0.017423934830866843,0.3990158013137757,0.49628414771683926,benchmark/benchmark/submissions_tahoe_lfc_heldout_molecules_fresh/expression/pert_prediction_tahoe_regression/CVCL_0480.heldout_molecules/2026-05-26T00-39-47.985975.json
CVCL_0480,heldout_molecules,knn_baseline_MolT5,knn,MolT5,L2,5.570244080195449,0.002203280745954697,0.01776062143513462,0.37564323029001784,0.4659667803278158,benchmark/benchmark/submissions_tahoe_lfc_heldout_molecules_fresh/expression/pert_prediction_tahoe_regression/CVCL_0480.heldout_molecules/2026-05-26T00-40-16.551364.json
CVCL_0480,heldout_molecules,knn_baseline_avalon,knn,avalon,L2,5.526688940209742,0.0022159883620833146,0.017590955141319135,0.3840863923561471,0.4778962732180678,benchmark/benchmark/submissions_tahoe_lfc_heldout_molecules_fresh/expression/pert_prediction_tahoe_regression/CVCL_0480.heldout_molecules/2026-05-26T00-40-23.874217.json
CVCL_0480,heldout_molecules,knn_baseline_boltz_affinity_pred_value_fragment,knn,boltz_affinity_pred_value_fragment,L2,5.518436137239845,0.0021818403185159467,0.017584861988791604,0.38899645459436405,0.48317365709311416,benchmark/benchmark/submissions_tahoe_lfc_heldout_molecules_fresh/expression/pert_prediction_tahoe_regression/CVCL_0480.heldout_molecules/2026-05-26T00-39-51.121969.json
CVCL_0480,heldout_molecules,knn_baseline_boltz_affinity_pred_value_protein,knn,boltz_affinity_pred_value_protein,L2,5.522969497426022,0.0021929480087934795,0.017596942842364655,0.3868784719361688,0.48058690148197236,benchmark/benchmark/submissions_tahoe_lfc_heldout_molecules_fresh/expression/pert_prediction_tahoe_regression/CVCL_0480.heldout_molecules/2026-05-26T00-40-16.892921.json
CVCL_0480,heldout_molecules,knn_baseline_chatgpt,knn,chatgpt,L2,5.522947181612462,0.0021494151663122188,0.017678108164505574,0.3776615286527708,0.47512532906446625,benchmark/benchmark/submissions_tahoe_lfc_heldout_molecules_fresh/expression/pert_prediction_tahoe_regression/CVCL_0480.heldout_molecules/2026-05-26T00-39-34.087867.json
CVCL_0480,heldout_molecules,knn_baseline_ecfp:2,knn,ecfp:2,L2,5.491319029675546,0.0021834443266937668,0.017510969121311584,0.3907384193067279,0.4888474530150051,benchmark/benchmark/submissions_tahoe_lfc_heldout_molecules_fresh/expression/pert_prediction_tahoe_regression/CVCL_0480.heldout_molecules/2026-05-26T00-40-23.700906.json
CVCL_0480,heldout_molecules,knn_baseline_erg,knn,erg,L2,5.5466796961011875,0.002208932101203127,0.017700484663100882,0.37757322471687377,0.4726193539444478,benchmark/benchmark/submissions_tahoe_lfc_heldout_molecules_fresh/expression/pert_prediction_tahoe_regression/CVCL_0480.heldout_molecules/2026-05-26T00-40-16.354573.json
CVCL_0480,heldout_molecules,knn_baseline_maccs,knn,maccs,L2,5.520489140270191,0.0021974492317064997,0.01760120959161784,0.3863929189934567,0.480455228303855,benchmark/benchmark/submissions_tahoe_lfc_heldout_molecules_fresh/expression/pert_prediction_tahoe_regression/CVCL_0480.heldout_molecules/2026-05-26T00-39-38.423452.json
CVCL_0480,heldout_molecules,knn_baseline_morgan_initialized_lpm,knn,morgan_initialized_lpm,L2,5.550402264866158,0.002233060420820185,0.017667197154202643,0.3769138555663739,0.46422008389660646,benchmark/benchmark/submissions_tahoe_lfc_heldout_molecules_fresh/expression/pert_prediction_tahoe_regression/CVCL_0480.heldout_molecules/2026-05-26T00-39-27.793617.json
CVCL_0480,heldout_molecules,knn_baseline_pca,knn,pca,L2,3.671654896204132,0.0012235686416181442,0.01181115906586767,0.6730437294514531,0.810138058427845,benchmark/benchmark/submissions_tahoe_lfc_heldout_molecules_fresh/expression/pert_prediction_tahoe_regression/CVCL_0480.heldout_molecules/2026-05-26T00-39-27.510291.json
CVCL_0480,heldout_molecules,knn_baseline_random,knn,random,L2,5.56777825459384,0.002219854905565783,0.017759645556935093,0.3738611292095271,0.46629873873433236,benchmark/benchmark/submissions_tahoe_lfc_heldout_molecules_fresh/expression/pert_prediction_tahoe_regression/CVCL_0480.heldout_molecules/2026-05-26T00-39-27.799626.json
CVCL_0480,heldout_molecules,knn_baseline_secfp,knn,secfp,L2,5.52506955196683,0.0022323497809108727,0.01758629706117283,0.38746382955918746,0.4838803938347823,benchmark/benchmark/submissions_tahoe_lfc_heldout_molecules_fresh/expression/pert_prediction_tahoe_regression/CVCL_0480.heldout_molecules/2026-05-26T00-40-17.418367.json
CVCL_0480,heldout_molecules,knn_baseline_topological,knn,topological,L2,5.540716865924009,0.002225875413917239,0.017667835539016324,0.38148436209296793,0.4761090683341223,benchmark/benchmark/submissions_tahoe_lfc_heldout_molecules_fresh/expression/pert_prediction_tahoe_regression/CVCL_0480.heldout_molecules/2026-05-26T00-39-45.247686.json
CVCL_0480,heldout_molecules,knn_baseline_unimol2-570m-H,knn,unimol2-570m-H,L2,5.560097769710744,0.0022068646112904586,0.017753907083266497,0.37520746035575003,0.4689538831214864,benchmark/benchmark/submissions_tahoe_lfc_heldout_molecules_fresh/expression/pert_prediction_tahoe_regression/CVCL_0480.heldout_molecules/2026-05-26T00-40-29.719547.json
CVCL_0480,heldout_molecules,lasso_baseline_ChemBERTa-77M-MLM,lasso,ChemBERTa-77M-MLM,L2,5.510496160578654,0.0021910672064068696,0.017562368001152663,0.38688068977519463,0.4822564745708094,benchmark/benchmark/submissions_tahoe_lfc_heldout_molecules_fresh/expression/pert_prediction_tahoe_regression/CVCL_0480.heldout_molecules/2026-05-26T00-39-49.353108.json
CVCL_0480,heldout_molecules,lasso_baseline_ChemBERTa-77M-MTR,lasso,ChemBERTa-77M-MTR,L2,5.5117515307560065,0.002194732459126168,0.01756401197583096,0.3865751173516742,0.4820441578375617,benchmark/benchmark/submissions_tahoe_lfc_heldout_molecules_fresh/expression/pert_prediction_tahoe_regression/CVCL_0480.heldout_molecules/2026-05-26T00-39-41.941138.json
CVCL_0480,heldout_molecules,lasso_baseline_MiniMol,lasso,MiniMol,L2,5.50592955096233,0.0021895475161994088,0.017554686273930236,0.38695667831159203,0.48385221753586694,benchmark/benchmark/submissions_tahoe_lfc_heldout_molecules_fresh/expression/pert_prediction_tahoe_regression/CVCL_0480.heldout_molecules/2026-05-26T00-39-59.130460.json
CVCL_0480,heldout_molecules,lasso_baseline_MolT5,lasso,MolT5,L2,5.517913080496347,0.002188548811975224,0.017578010716974842,0.3857789945269154,0.47942984400253047,benchmark/benchmark/submissions_tahoe_lfc_heldout_molecules_fresh/expression/pert_prediction_tahoe_regression/CVCL_0480.heldout_molecules/2026-05-26T00-40-28.139707.json
CVCL_0480,heldout_molecules,lasso_baseline_avalon,lasso,avalon,L2,5.524153747977609,0.0021905974873220073,0.01758745817644666,0.3861961125197605,0.477521787737548,benchmark/benchmark/submissions_tahoe_lfc_heldout_molecules_fresh/expression/pert_prediction_tahoe_regression/CVCL_0480.heldout_molecules/2026-05-26T00-40-39.495836.json
CVCL_0480,heldout_molecules,lasso_baseline_boltz_affinity_pred_value_fragment,lasso,boltz_affinity_pred_value_fragment,L2,5.510332700684011,0.002194062267264829,0.017562628610305813,0.3865813206416868,0.4825301877891236,benchmark/benchmark/submissions_tahoe_lfc_heldout_molecules_fresh/expression/pert_prediction_tahoe_regression/CVCL_0480.heldout_molecules/2026-05-26T00-40-06.980910.json
CVCL_0480,heldout_molecules,lasso_baseline_boltz_affinity_pred_value_protein,lasso,boltz_affinity_pred_value_protein,L2,5.5101907529212575,0.00219215592716575,0.01756854590622082,0.3869965726112642,0.4844064967965649,benchmark/benchmark/submissions_tahoe_lfc_heldout_molecules_fresh/expression/pert_prediction_tahoe_regression/CVCL_0480.heldout_molecules/2026-05-26T00-40-31.238850.json
CVCL_0480,heldout_molecules,lasso_baseline_chatgpt,lasso,chatgpt,L2,5.479775298481571,0.0021664045328636215,0.01749584840592282,0.3888323305351781,0.4887979692761282,benchmark/benchmark/submissions_tahoe_lfc_heldout_molecules_fresh/expression/pert_prediction_tahoe_regression/CVCL_0480.heldout_molecules/2026-05-26T00-39-46.478733.json
CVCL_0480,heldout_molecules,lasso_baseline_ecfp:2,lasso,ecfp:2,L2,5.511751530489407,0.002194732459336484,0.017564011975514892,0.3865751182361925,0.4820441578840581,benchmark/benchmark/submissions_tahoe_lfc_heldout_molecules_fresh/expression/pert_prediction_tahoe_regression/CVCL_0480.heldout_molecules/2026-05-26T00-40-35.659150.json
CVCL_0480,heldout_molecules,lasso_baseline_erg,lasso,erg,L2,5.5117515307560065,0.002194732459126168,0.01756401197583096,0.3865751173516742,0.4820441578375617,benchmark/benchmark/submissions_tahoe_lfc_heldout_molecules_fresh/expression/pert_prediction_tahoe_regression/CVCL_0480.heldout_molecules/2026-05-26T00-40-31.107642.json
CVCL_0480,heldout_molecules,lasso_baseline_maccs,lasso,maccs,L2,5.510345708519647,0.0021926616032142323,0.017562730100256746,0.38667139611989915,0.48264489827856816,benchmark/benchmark/submissions_tahoe_lfc_heldout_molecules_fresh/expression/pert_prediction_tahoe_regression/CVCL_0480.heldout_molecules/2026-05-26T00-39-54.580173.json
CVCL_0480,heldout_molecules,lasso_baseline_morgan_initialized_lpm,lasso,morgan_initialized_lpm,L2,5.5988029632193985,0.002205502945935913,0.017641187427486812,0.3885766029782972,0.45822286375503074,benchmark/benchmark/submissions_tahoe_lfc_heldout_molecules_fresh/expression/pert_prediction_tahoe_regression/CVCL_0480.heldout_molecules/2026-05-26T00-39-42.057486.json
CVCL_0480,heldout_molecules,lasso_baseline_pca,lasso,pca,L2,2.3359412523982823,0.00042068554641346375,0.008473762209310893,0.7271911513421931,0.9140718980825794,benchmark/benchmark/submissions_tahoe_lfc_heldout_molecules_fresh/expression/pert_prediction_tahoe_regression/CVCL_0480.heldout_molecules/2026-05-26T00-39-48.465318.json
CVCL_0480,heldout_molecules,lasso_baseline_random,lasso,random,L2,5.5117515307560065,0.002194732459126168,0.01756401197583096,0.3865751173516742,0.4820441578375617,benchmark/benchmark/submissions_tahoe_lfc_heldout_molecules_fresh/expression/pert_prediction_tahoe_regression/CVCL_0480.heldout_molecules/2026-05-26T00-39-41.302682.json
CVCL_0480,heldout_molecules,lasso_baseline_secfp,lasso,secfp,L2,5.510105999856323,0.00219256250920929,0.017563288958768603,0.38659749954864314,0.48261440972543945,benchmark/benchmark/submissions_tahoe_lfc_heldout_molecules_fresh/expression/pert_prediction_tahoe_regression/CVCL_0480.heldout_molecules/2026-05-26T00-40-32.558212.json
CVCL_0480,heldout_molecules,lasso_baseline_topological,lasso,topological,L2,5.5117515307560065,0.002194732459126168,0.01756401197583096,0.3865751173516742,0.4820441578375617,benchmark/benchmark/submissions_tahoe_lfc_heldout_molecules_fresh/expression/pert_prediction_tahoe_regression/CVCL_0480.heldout_molecules/2026-05-26T00-40-03.083249.json
CVCL_0480,heldout_molecules,lasso_baseline_unimol2-570m-H,lasso,unimol2-570m-H,L2,5.511555222273024,0.002194638952411701,0.017563897265879452,0.3865753028955502,0.48210211204129316,benchmark/benchmark/submissions_tahoe_lfc_heldout_molecules_fresh/expression/pert_prediction_tahoe_regression/CVCL_0480.heldout_molecules/2026-05-26T00-40-41.901469.json
CVCL_0504,heldout_molecules,knn_baseline_ChemBERTa-77M-MLM,knn,ChemBERTa-77M-MLM,L2,5.410665173006735,0.00200361728038746,0.016919098337796906,0.34020745047343165,0.4501326493074126,benchmark/benchmark/submissions_tahoe_lfc_heldout_molecules_fresh/expression/pert_prediction_tahoe_regression/CVCL_0504.heldout_molecules/2026-05-26T00-41-08.195579.json
CVCL_0504,heldout_molecules,knn_baseline_ChemBERTa-77M-MTR,knn,ChemBERTa-77M-MTR,L2,5.341366653403264,0.001981518981240832,0.016695102687656616,0.358399530689852,0.4755476980428033,benchmark/benchmark/submissions_tahoe_lfc_heldout_molecules_fresh/expression/pert_prediction_tahoe_regression/CVCL_0504.heldout_molecules/2026-05-26T00-41-07.871645.json
CVCL_0504,heldout_molecules,knn_baseline_MiniMol,knn,MiniMol,L2,5.3070449718986765,0.001957471075129206,0.016602983139714405,0.3680491294379066,0.4870565349568834,benchmark/benchmark/submissions_tahoe_lfc_heldout_molecules_fresh/expression/pert_prediction_tahoe_regression/CVCL_0504.heldout_molecules/2026-05-26T00-41-14.063597.json
CVCL_0504,heldout_molecules,knn_baseline_MolT5,knn,MolT5,L2,5.393100785339155,0.001995661131324784,0.016839158592580894,0.34826887573724913,0.4567350975557443,benchmark/benchmark/submissions_tahoe_lfc_heldout_molecules_fresh/expression/pert_prediction_tahoe_regression/CVCL_0504.heldout_molecules/2026-05-26T00-41-55.428029.json
CVCL_0504,heldout_molecules,knn_baseline_avalon,knn,avalon,L2,5.332208901599572,0.0019923027057462675,0.016643355248618874,0.3635167918224392,0.47914646723982296,benchmark/benchmark/submissions_tahoe_lfc_heldout_molecules_fresh/expression/pert_prediction_tahoe_regression/CVCL_0504.heldout_molecules/2026-05-26T00-41-56.697790.json
CVCL_0504,heldout_molecules,knn_baseline_boltz_affinity_pred_value_fragment,knn,boltz_affinity_pred_value_fragment,L2,5.365205710181673,0.0019836255632019713,0.016750033359282667,0.3578641722311906,0.46963162345137144,benchmark/benchmark/submissions_tahoe_lfc_heldout_molecules_fresh/expression/pert_prediction_tahoe_regression/CVCL_0504.heldout_molecules/2026-05-26T00-41-19.866816.json
CVCL_0504,heldout_molecules,knn_baseline_boltz_affinity_pred_value_protein,knn,boltz_affinity_pred_value_protein,L2,5.376193316167572,0.001995663578135379,0.01677536016249472,0.3560200775209758,0.46608607066353785,benchmark/benchmark/submissions_tahoe_lfc_heldout_molecules_fresh/expression/pert_prediction_tahoe_regression/CVCL_0504.heldout_molecules/2026-05-26T00-41-26.457491.json
CVCL_0504,heldout_molecules,knn_baseline_chatgpt,knn,chatgpt,L2,5.362128623602432,0.0019724958056960154,0.016793680385494114,0.34636017848016865,0.4655271240713823,benchmark/benchmark/submissions_tahoe_lfc_heldout_molecules_fresh/expression/pert_prediction_tahoe_regression/CVCL_0504.heldout_molecules/2026-05-26T00-41-09.080108.json
CVCL_0504,heldout_molecules,knn_baseline_ecfp:2,knn,ecfp:2,L2,5.33774553142705,0.0019900131694705263,0.01667044104304347,0.3608364472767324,0.47715905781966184,benchmark/benchmark/submissions_tahoe_lfc_heldout_molecules_fresh/expression/pert_prediction_tahoe_regression/CVCL_0504.heldout_molecules/2026-05-26T00-41-56.169620.json
CVCL_0504,heldout_molecules,knn_baseline_erg,knn,erg,L2,5.35624162209506,0.001993038855627998,0.016751356877898468,0.3538447237354257,0.4716008878484831,benchmark/benchmark/submissions_tahoe_lfc_heldout_molecules_fresh/expression/pert_prediction_tahoe_regression/CVCL_0504.heldout_molecules/2026-05-26T00-41-29.362882.json
CVCL_0504,heldout_molecules,knn_baseline_maccs,knn,maccs,L2,5.353967402042936,0.001997659184617852,0.01671896316756823,0.3583933864249563,0.4708297096481974,benchmark/benchmark/submissions_tahoe_lfc_heldout_molecules_fresh/expression/pert_prediction_tahoe_regression/CVCL_0504.heldout_molecules/2026-05-26T00-41-08.085669.json
CVCL_0504,heldout_molecules,knn_baseline_morgan_initialized_lpm,knn,morgan_initialized_lpm,L2,5.388784652902918,0.0020375317315584384,0.01678551855814027,0.3495161654957077,0.4520617527929308,benchmark/benchmark/submissions_tahoe_lfc_heldout_molecules_fresh/expression/pert_prediction_tahoe_regression/CVCL_0504.heldout_molecules/2026-05-26T00-40-33.613226.json
CVCL_0504,heldout_molecules,knn_baseline_pca,knn,pca,L2,3.7214940685485445,0.0011503756832270341,0.011995210835070467,0.6246282446616875,0.7952794471876314,benchmark/benchmark/submissions_tahoe_lfc_heldout_molecules_fresh/expression/pert_prediction_tahoe_regression/CVCL_0504.heldout_molecules/2026-05-26T00-40-37.821418.json
CVCL_0504,heldout_molecules,knn_baseline_random,knn,random,L2,5.389071674077586,0.002021941898198704,0.016796020220605123,0.3493267580144542,0.45609695207022916,benchmark/benchmark/submissions_tahoe_lfc_heldout_molecules_fresh/expression/pert_prediction_tahoe_regression/CVCL_0504.heldout_molecules/2026-05-26T00-40-36.602729.json
CVCL_0504,heldout_molecules,knn_baseline_secfp,knn,secfp,L2,5.362595098839775,0.0020264216037331243,0.016724320322463796,0.3585824557426738,0.47181698930865335,benchmark/benchmark/submissions_tahoe_lfc_heldout_molecules_fresh/expression/pert_prediction_tahoe_regression/CVCL_0504.heldout_molecules/2026-05-26T00-41-30.396979.json
CVCL_0504,heldout_molecules,knn_baseline_topological,knn,topological,L2,5.35865355003078,0.0020096819730574234,0.016728990229939858,0.3570487684588448,0.46964717367099984,benchmark/benchmark/submissions_tahoe_lfc_heldout_molecules_fresh/expression/pert_prediction_tahoe_regression/CVCL_0504.heldout_molecules/2026-05-26T00-41-15.160833.json
CVCL_0504,heldout_molecules,knn_baseline_unimol2-570m-H,knn,unimol2-570m-H,L2,5.399788529707898,0.002001827964951303,0.016856983767376127,0.3458294515076347,0.4550669564060789,benchmark/benchmark/submissions_tahoe_lfc_heldout_molecules_fresh/expression/pert_prediction_tahoe_regression/CVCL_0504.heldout_molecules/2026-05-26T00-41-56.262687.json
CVCL_0504,heldout_molecules,lasso_baseline_ChemBERTa-77M-MLM,lasso,ChemBERTa-77M-MLM,L2,5.341301983538521,0.001984516809378383,0.01668150420022648,0.35912337890742896,0.4750880160091666,benchmark/benchmark/submissions_tahoe_lfc_heldout_molecules_fresh/expression/pert_prediction_tahoe_regression/CVCL_0504.heldout_molecules/2026-05-26T00-41-22.587209.json
CVCL_0504,heldout_molecules,lasso_baseline_ChemBERTa-77M-MTR,lasso,ChemBERTa-77M-MTR,L2,5.343210015629035,0.0019872140417284646,0.01668556917728588,0.3589179846608864,0.47444762729380124,benchmark/benchmark/submissions_tahoe_lfc_heldout_molecules_fresh/expression/pert_prediction_tahoe_regression/CVCL_0504.heldout_molecules/2026-05-26T00-41-22.802677.json
CVCL_0504,heldout_molecules,lasso_baseline_MiniMol,lasso,MiniMol,L2,5.325292327794529,0.0019735943036758683,0.01666080956245032,0.3596842020199634,0.48088871228521557,benchmark/benchmark/submissions_tahoe_lfc_heldout_molecules_fresh/expression/pert_prediction_tahoe_regression/CVCL_0504.heldout_molecules/2026-05-26T00-41-27.090067.json
CVCL_0504,heldout_molecules,lasso_baseline_MolT5,lasso,MolT5,L2,5.3431842961288325,0.001980255837924934,0.0166875655304462,0.3585836593007663,0.4735798868889043,benchmark/benchmark/submissions_tahoe_lfc_heldout_molecules_fresh/expression/pert_prediction_tahoe_regression/CVCL_0504.heldout_molecules/2026-05-26T00-42-06.875670.json
CVCL_0504,heldout_molecules,lasso_baseline_avalon,lasso,avalon,L2,5.336001536422032,0.0019739201597899383,0.016674876111478068,0.3595828844479763,0.47549829683156164,benchmark/benchmark/submissions_tahoe_lfc_heldout_molecules_fresh/expression/pert_prediction_tahoe_regression/CVCL_0504.heldout_molecules/2026-05-26T00-42-11.440410.json
CVCL_0504,heldout_molecules,lasso_baseline_boltz_affinity_pred_value_fragment,lasso,boltz_affinity_pred_value_fragment,L2,5.340300864075815,0.001985567861660611,0.0166825804362692,0.3588922680887836,0.4755558104039493,benchmark/benchmark/submissions_tahoe_lfc_heldout_molecules_fresh/expression/pert_prediction_tahoe_regression/CVCL_0504.heldout_molecules/2026-05-26T00-41-37.210829.json
CVCL_0504,heldout_molecules,lasso_baseline_boltz_affinity_pred_value_protein,lasso,boltz_affinity_pred_value_protein,L2,5.350548306988995,0.0019879513707327,0.01670909112400526,0.3579240901813203,0.4740109228736141,benchmark/benchmark/submissions_tahoe_lfc_heldout_molecules_fresh/expression/pert_prediction_tahoe_regression/CVCL_0504.heldout_molecules/2026-05-26T00-41-41.296534.json
CVCL_0504,heldout_molecules,lasso_baseline_chatgpt,lasso,chatgpt,L2,5.307304716350412,0.0019572722679036384,0.01661897891672927,0.36144373516137723,0.48410386793877946,benchmark/benchmark/submissions_tahoe_lfc_heldout_molecules_fresh/expression/pert_prediction_tahoe_regression/CVCL_0504.heldout_molecules/2026-05-26T00-41-20.016731.json
CVCL_0504,heldout_molecules,lasso_baseline_ecfp:2,lasso,ecfp:2,L2,5.343387793610177,0.0019864728948244255,0.01668612703990029,0.35902655257799515,0.47437498100386705,benchmark/benchmark/submissions_tahoe_lfc_heldout_molecules_fresh/expression/pert_prediction_tahoe_regression/CVCL_0504.heldout_molecules/2026-05-26T00-42-06.685507.json
CVCL_0504,heldout_molecules,lasso_baseline_erg,lasso,erg,L2,5.343210015629035,0.0019872140417284646,0.01668556917728588,0.3589179846608864,0.47444762729380124,benchmark/benchmark/submissions_tahoe_lfc_heldout_molecules_fresh/expression/pert_prediction_tahoe_regression/CVCL_0504.heldout_molecules/2026-05-26T00-41-46.462037.json
CVCL_0504,heldout_molecules,lasso_baseline_maccs,lasso,maccs,L2,5.343210015629035,0.0019872140417284646,0.01668556917728588,0.3589179846608864,0.47444762729380124,benchmark/benchmark/submissions_tahoe_lfc_heldout_molecules_fresh/expression/pert_prediction_tahoe_regression/CVCL_0504.heldout_molecules/2026-05-26T00-41-22.471322.json
CVCL_0504,heldout_molecules,lasso_baseline_morgan_initialized_lpm,lasso,morgan_initialized_lpm,L2,5.423915957795104,0.0020144384624415906,0.016728113895861724,0.3602047299305991,0.447758909682523,benchmark/benchmark/submissions_tahoe_lfc_heldout_molecules_fresh/expression/pert_prediction_tahoe_regression/CVCL_0504.heldout_molecules/2026-05-26T00-40-49.563578.json
CVCL_0504,heldout_molecules,lasso_baseline_pca,lasso,pca,L2,2.499478476649197,0.00042138349577654975,0.00916588795304564,0.6652269400596738,0.8951442225192003,benchmark/benchmark/submissions_tahoe_lfc_heldout_molecules_fresh/expression/pert_prediction_tahoe_regression/CVCL_0504.heldout_molecules/2026-05-26T00-40-59.596754.json
CVCL_0504,heldout_molecules,lasso_baseline_random,lasso,random,L2,5.343210015629035,0.0019872140417284646,0.01668556917728588,0.3589179846608864,0.47444762729380124,benchmark/benchmark/submissions_tahoe_lfc_heldout_molecules_fresh/expression/pert_prediction_tahoe_regression/CVCL_0504.heldout_molecules/2026-05-26T00-40-50.823554.json
CVCL_0504,heldout_molecules,lasso_baseline_secfp,lasso,secfp,L2,5.336983324560358,0.0019813598596220457,0.01667957170446889,0.35906789473281386,0.4766198679727577,benchmark/benchmark/submissions_tahoe_lfc_heldout_molecules_fresh/expression/pert_prediction_tahoe_regression/CVCL_0504.heldout_molecules/2026-05-26T00-41-44.339690.json
CVCL_0504,heldout_molecules,lasso_baseline_topological,lasso,topological,L2,5.344003260977298,0.001984447722236785,0.016683886810843932,0.3589892869350303,0.47385476661687953,benchmark/benchmark/submissions_tahoe_lfc_heldout_molecules_fresh/expression/pert_prediction_tahoe_regression/CVCL_0504.heldout_molecules/2026-05-26T00-41-31.110847.json
CVCL_0504,heldout_molecules,lasso_baseline_unimol2-570m-H,lasso,unimol2-570m-H,L2,5.342701904575002,0.0019867408257047666,0.01668510162982505,0.35891825727797577,0.47463169265266153,benchmark/benchmark/submissions_tahoe_lfc_heldout_molecules_fresh/expression/pert_prediction_tahoe_regression/CVCL_0504.heldout_molecules/2026-05-26T00-42-06.973234.json
CVCL_0546,heldout_molecules,knn_baseline_ChemBERTa-77M-MLM,knn,ChemBERTa-77M-MLM,L2,5.061605068348349,0.0017985854354196154,0.015853576477612333,0.3564262456828348,0.45076869110661866,benchmark/benchmark/submissions_tahoe_lfc_heldout_molecules_fresh/expression/pert_prediction_tahoe_regression/CVCL_0546.heldout_molecules/2026-05-26T00-42-12.827871.json
CVCL_0546,heldout_molecules,knn_baseline_ChemBERTa-77M-MTR,knn,ChemBERTa-77M-MTR,L2,5.012439090134791,0.001786787275604655,0.015713835496417174,0.371054408030283,0.4738245925886177,benchmark/benchmark/submissions_tahoe_lfc_heldout_molecules_fresh/expression/pert_prediction_tahoe_regression/CVCL_0546.heldout_molecules/2026-05-26T00-42-11.875354.json
CVCL_0546,heldout_molecules,knn_baseline_MiniMol,knn,MiniMol,L2,4.9415026520645755,0.001744234699704284,0.015504532733503579,0.3897232858634539,0.4965062530075066,benchmark/benchmark/submissions_tahoe_lfc_heldout_molecules_fresh/expression/pert_prediction_tahoe_regression/CVCL_0546.heldout_molecules/2026-05-26T00-42-38.319454.json
CVCL_0546,heldout_molecules,knn_baseline_MolT5,knn,MolT5,L2,5.039708251210961,0.0017904199135863894,0.01578280721023856,0.36311475668927456,0.4607636805956789,benchmark/benchmark/submissions_tahoe_lfc_heldout_molecules_fresh/expression/pert_prediction_tahoe_regression/CVCL_0546.heldout_molecules/2026-05-26T00-42-55.717076.json
CVCL_0546,heldout_molecules,knn_baseline_avalon,knn,avalon,L2,5.003392365093003,0.0018025399944569692,0.015661459256096293,0.3745326266583251,0.4745653946102828,benchmark/benchmark/submissions_tahoe_lfc_heldout_molecules_fresh/expression/pert_prediction_tahoe_regression/CVCL_0546.heldout_molecules/2026-05-26T00-42-59.805018.json
CVCL_0546,heldout_molecules,knn_baseline_boltz_affinity_pred_value_fragment,knn,boltz_affinity_pred_value_fragment,L2,5.007070595684764,0.0017811389452467373,0.015676187472946673,0.37647618931892474,0.4758103998070318,benchmark/benchmark/submissions_tahoe_lfc_heldout_molecules_fresh/expression/pert_prediction_tahoe_regression/CVCL_0546.heldout_molecules/2026-05-26T00-42-38.907524.json
CVCL_0546,heldout_molecules,knn_baseline_boltz_affinity_pred_value_protein,knn,boltz_affinity_pred_value_protein,L2,5.013193997016675,0.0017876317067262403,0.01570411172235,0.3734135560394256,0.4737068420009334,benchmark/benchmark/submissions_tahoe_lfc_heldout_molecules_fresh/expression/pert_prediction_tahoe_regression/CVCL_0546.heldout_molecules/2026-05-26T00-42-44.648780.json
CVCL_0546,heldout_molecules,knn_baseline_chatgpt,knn,chatgpt,L2,5.014984107899108,0.0017640422699960812,0.015736301787780203,0.36493930408391595,0.46609357718883987,benchmark/benchmark/submissions_tahoe_lfc_heldout_molecules_fresh/expression/pert_prediction_tahoe_regression/CVCL_0546.heldout_molecules/2026-05-26T00-42-17.108493.json
CVCL_0546,heldout_molecules,knn_baseline_ecfp:2,knn,ecfp:2,L2,4.9863466643257235,0.001780512586938326,0.01563552459996187,0.3765323341677029,0.48098592389742206,benchmark/benchmark/submissions_tahoe_lfc_heldout_molecules_fresh/expression/pert_prediction_tahoe_regression/CVCL_0546.heldout_molecules/2026-05-26T00-43-01.066922.json
CVCL_0546,heldout_molecules,knn_baseline_erg,knn,erg,L2,5.02907847240427,0.0018033163283996292,0.01576372990719631,0.3652038058839043,0.467058807275071,benchmark/benchmark/submissions_tahoe_lfc_heldout_molecules_fresh/expression/pert_prediction_tahoe_regression/CVCL_0546.heldout_molecules/2026-05-26T00-42-50.180457.json
CVCL_0546,heldout_molecules,knn_baseline_maccs,knn,maccs,L2,5.005879282263766,0.0017890321345757545,0.015681452510487227,0.3744231730438039,0.4744807701900671,benchmark/benchmark/submissions_tahoe_lfc_heldout_molecules_fresh/expression/pert_prediction_tahoe_regression/CVCL_0546.heldout_molecules/2026-05-26T00-42-37.884881.json
CVCL_0546,heldout_molecules,knn_baseline_morgan_initialized_lpm,knn,morgan_initialized_lpm,L2,5.039042215553906,0.0018285951939323564,0.015737832848267994,0.3647870389479569,0.45554528442963704,benchmark/benchmark/submissions_tahoe_lfc_heldout_molecules_fresh/expression/pert_prediction_tahoe_regression/CVCL_0546.heldout_molecules/2026-05-26T00-42-01.152319.json
CVCL_0546,heldout_molecules,knn_baseline_pca,knn,pca,L2,3.2751851181627494,0.000977107537838917,0.01043657493895533,0.6850373257650152,0.819060420495648,benchmark/benchmark/submissions_tahoe_lfc_heldout_molecules_fresh/expression/pert_prediction_tahoe_regression/CVCL_0546.heldout_molecules/2026-05-26T00-42-05.964438.json
CVCL_0546,heldout_molecules,knn_baseline_random,knn,random,L2,4.994365868628934,0.0017865747564831658,0.015654114036286554,0.37555085512321196,0.47908418370724754,benchmark/benchmark/submissions_tahoe_lfc_heldout_molecules_fresh/expression/pert_prediction_tahoe_regression/CVCL_0546.heldout_molecules/2026-05-26T00-42-01.762515.json
CVCL_0546,heldout_molecules,knn_baseline_secfp,knn,secfp,L2,5.019276813334121,0.0018201629455463122,0.015689999336862825,0.3740806532553337,0.47204379791338164,benchmark/benchmark/submissions_tahoe_lfc_heldout_molecules_fresh/expression/pert_prediction_tahoe_regression/CVCL_0546.heldout_molecules/2026-05-26T00-42-46.577820.json
CVCL_0546,heldout_molecules,knn_baseline_topological,knn,topological,L2,5.025334474098584,0.0018109475088066,0.015740374760446395,0.36915249328774574,0.46797527160751173,benchmark/benchmark/submissions_tahoe_lfc_heldout_molecules_fresh/expression/pert_prediction_tahoe_regression/CVCL_0546.heldout_molecules/2026-05-26T00-42-39.512202.json
CVCL_0546,heldout_molecules,knn_baseline_unimol2-570m-H,knn,unimol2-570m-H,L2,5.03810844320016,0.0017926191549784165,0.015793464543031828,0.36349134385532333,0.4622259212504267,benchmark/benchmark/submissions_tahoe_lfc_heldout_molecules_fresh/expression/pert_prediction_tahoe_regression/CVCL_0546.heldout_molecules/2026-05-26T00-43-24.584158.json
CVCL_0546,heldout_molecules,lasso_baseline_ChemBERTa-77M-MLM,lasso,ChemBERTa-77M-MLM,L2,4.9972714112998835,0.0017838090110027058,0.015647690664131013,0.3755191708649114,0.47634343399742674,benchmark/benchmark/submissions_tahoe_lfc_heldout_molecules_fresh/expression/pert_prediction_tahoe_regression/CVCL_0546.heldout_molecules/2026-05-26T00-42-27.720515.json
CVCL_0546,heldout_molecules,lasso_baseline_ChemBERTa-77M-MTR,lasso,ChemBERTa-77M-MTR,L2,4.98954688335386,0.0017808673481609302,0.015639178446450148,0.3758617445433403,0.47978645026826083,benchmark/benchmark/submissions_tahoe_lfc_heldout_molecules_fresh/expression/pert_prediction_tahoe_regression/CVCL_0546.heldout_molecules/2026-05-26T00-42-27.237762.json
CVCL_0546,heldout_molecules,lasso_baseline_MiniMol,lasso,MiniMol,L2,4.982263875634183,0.0017773215317659623,0.015628417107879596,0.3762887326806465,0.48219124654474366,benchmark/benchmark/submissions_tahoe_lfc_heldout_molecules_fresh/expression/pert_prediction_tahoe_regression/CVCL_0546.heldout_molecules/2026-05-26T00-42-49.536831.json
CVCL_0546,heldout_molecules,lasso_baseline_MolT5,lasso,MolT5,L2,4.996189256707774,0.0017785555150755814,0.015647755680699024,0.3752633136311635,0.4761535935432453,benchmark/benchmark/submissions_tahoe_lfc_heldout_molecules_fresh/expression/pert_prediction_tahoe_regression/CVCL_0546.heldout_molecules/2026-05-26T00-43-07.885833.json
CVCL_0546,heldout_molecules,lasso_baseline_avalon,lasso,avalon,L2,4.9976463408434775,0.001780618434249006,0.015646486907383628,0.3755425922081898,0.4748128617470545,benchmark/benchmark/submissions_tahoe_lfc_heldout_molecules_fresh/expression/pert_prediction_tahoe_regression/CVCL_0546.heldout_molecules/2026-05-26T00-43-15.607987.json
CVCL_0546,heldout_molecules,lasso_baseline_boltz_affinity_pred_value_fragment,lasso,boltz_affinity_pred_value_fragment,L2,4.995519919516215,0.0017850189834370642,0.015648910374481,0.3754768650717091,0.47725618533571146,benchmark/benchmark/submissions_tahoe_lfc_heldout_molecules_fresh/expression/pert_prediction_tahoe_regression/CVCL_0546.heldout_molecules/2026-05-26T00-42-53.662261.json
CVCL_0546,heldout_molecules,lasso_baseline_boltz_affinity_pred_value_protein,lasso,boltz_affinity_pred_value_protein,L2,4.9944393159759874,0.0017838275528470953,0.01565232877840202,0.37591924605708976,0.48018230365237086,benchmark/benchmark/submissions_tahoe_lfc_heldout_molecules_fresh/expression/pert_prediction_tahoe_regression/CVCL_0546.heldout_molecules/2026-05-26T00-43-00.787134.json
CVCL_0546,heldout_molecules,lasso_baseline_chatgpt,lasso,chatgpt,L2,4.959682258228023,0.0017575537611082693,0.015589891910627126,0.3774059680751984,0.4854854024616569,benchmark/benchmark/submissions_tahoe_lfc_heldout_molecules_fresh/expression/pert_prediction_tahoe_regression/CVCL_0546.heldout_molecules/2026-05-26T00-42-29.240750.json
CVCL_0546,heldout_molecules,lasso_baseline_ecfp:2,lasso,ecfp:2,L2,5.002702809668831,0.0017870579767871894,0.015652743949759757,0.3754297495697597,0.474347674198375,benchmark/benchmark/submissions_tahoe_lfc_heldout_molecules_fresh/expression/pert_prediction_tahoe_regression/CVCL_0546.heldout_molecules/2026-05-26T00-43-13.044125.json
CVCL_0546,heldout_molecules,lasso_baseline_erg,lasso,erg,L2,4.99740783002451,0.0017858808725168811,0.01565010696269013,0.37546632617445735,0.4764163807100778,benchmark/benchmark/submissions_tahoe_lfc_heldout_molecules_fresh/expression/pert_prediction_tahoe_regression/CVCL_0546.heldout_molecules/2026-05-26T00-43-07.511836.json
CVCL_0546,heldout_molecules,lasso_baseline_maccs,lasso,maccs,L2,4.99740783002451,0.0017858808725168811,0.01565010696269013,0.37546632617445735,0.4764163807100778,benchmark/benchmark/submissions_tahoe_lfc_heldout_molecules_fresh/expression/pert_prediction_tahoe_regression/CVCL_0546.heldout_molecules/2026-05-26T00-42-51.988418.json
CVCL_0546,heldout_molecules,lasso_baseline_morgan_initialized_lpm,lasso,morgan_initialized_lpm,L2,5.075028773164054,0.0018035027853108563,0.015689079217188158,0.3764285766831873,0.44979251579571533,benchmark/benchmark/submissions_tahoe_lfc_heldout_molecules_fresh/expression/pert_prediction_tahoe_regression/CVCL_0546.heldout_molecules/2026-05-26T00-42-17.133276.json
CVCL_0546,heldout_molecules,lasso_baseline_pca,lasso,pca,L2,2.036819837006685,0.00026623827704886716,0.007431647146737074,0.727719990617657,0.9171136301848273,benchmark/benchmark/submissions_tahoe_lfc_heldout_molecules_fresh/expression/pert_prediction_tahoe_regression/CVCL_0546.heldout_molecules/2026-05-26T00-42-25.220637.json
CVCL_0546,heldout_molecules,lasso_baseline_random,lasso,random,L2,4.99740783002451,0.0017858808725168811,0.01565010696269013,0.37546632617445735,0.4764163807100778,benchmark/benchmark/submissions_tahoe_lfc_heldout_molecules_fresh/expression/pert_prediction_tahoe_regression/CVCL_0546.heldout_molecules/2026-05-26T00-42-17.413249.json
CVCL_0546,heldout_molecules,lasso_baseline_secfp,lasso,secfp,L2,4.994332731945399,0.0017831834221989167,0.015643596963807876,0.375763135512157,0.4774206244256104,benchmark/benchmark/submissions_tahoe_lfc_heldout_molecules_fresh/expression/pert_prediction_tahoe_regression/CVCL_0546.heldout_molecules/2026-05-26T00-43-02.384022.json
CVCL_0546,heldout_molecules,lasso_baseline_topological,lasso,topological,L2,4.99740783002451,0.0017858808725168811,0.01565010696269013,0.37546632617445735,0.4764163807100778,benchmark/benchmark/submissions_tahoe_lfc_heldout_molecules_fresh/expression/pert_prediction_tahoe_regression/CVCL_0546.heldout_molecules/2026-05-26T00-42-54.417117.json
CVCL_0546,heldout_molecules,lasso_baseline_unimol2-570m-H,lasso,unimol2-570m-H,L2,4.996511424610922,0.0017853636241100634,0.015649525654177123,0.37547746115302333,0.4767732040871106,benchmark/benchmark/submissions_tahoe_lfc_heldout_molecules_fresh/expression/pert_prediction_tahoe_regression/CVCL_0546.heldout_molecules/2026-05-26T00-43-35.703987.json
CVCL_1055,heldout_molecules,knn_baseline_ChemBERTa-77M-MLM,knn,ChemBERTa-77M-MLM,L2,5.397625054838603,0.0018971331489169097,0.018552103882916907,0.3202581805409287,0.42636799214771437,benchmark/benchmark/submissions_tahoe_lfc_heldout_molecules_fresh/expression/pert_prediction_tahoe_regression/CVCL_1055.heldout_molecules/2026-05-26T00-43-29.857891.json
CVCL_1055,heldout_molecules,knn_baseline_ChemBERTa-77M-MTR,knn,ChemBERTa-77M-MTR,L2,5.346379956527147,0.0018886806261155257,0.01837002682106913,0.33627627978566865,0.4466333845747796,benchmark/benchmark/submissions_tahoe_lfc_heldout_molecules_fresh/expression/pert_prediction_tahoe_regression/CVCL_1055.heldout_molecules/2026-05-26T00-43-29.822281.json
CVCL_1055,heldout_molecules,knn_baseline_MiniMol,knn,MiniMol,L2,5.271872543145186,0.001839906843797321,0.01812706988510725,0.3554631518285517,0.4679638569062434,benchmark/benchmark/submissions_tahoe_lfc_heldout_molecules_fresh/expression/pert_prediction_tahoe_regression/CVCL_1055.heldout_molecules/2026-05-26T00-43-46.474367.json
CVCL_1055,heldout_molecules,knn_baseline_MolT5,knn,MolT5,L2,5.399090107690767,0.0019020576550056582,0.018535777385504736,0.3240320289414668,0.42907896192146905,benchmark/benchmark/submissions_tahoe_lfc_heldout_molecules_fresh/expression/pert_prediction_tahoe_regression/CVCL_1055.heldout_molecules/2026-05-26T00-44-16.821329.json
CVCL_1055,heldout_molecules,knn_baseline_avalon,knn,avalon,L2,5.345659760514242,0.001914420430002689,0.01836891947528322,0.3368361504154964,0.44833430232792987,benchmark/benchmark/submissions_tahoe_lfc_heldout_molecules_fresh/expression/pert_prediction_tahoe_regression/CVCL_1055.heldout_molecules/2026-05-26T00-44-19.093875.json
CVCL_1055,heldout_molecules,knn_baseline_boltz_affinity_pred_value_fragment,knn,boltz_affinity_pred_value_fragment,L2,5.364474806732474,0.001895150048402331,0.01841063314827606,0.3370357056496788,0.4439651335269874,benchmark/benchmark/submissions_tahoe_lfc_heldout_molecules_fresh/expression/pert_prediction_tahoe_regression/CVCL_1055.heldout_molecules/2026-05-26T00-44-11.284455.json
CVCL_1055,heldout_molecules,knn_baseline_boltz_affinity_pred_value_protein,knn,boltz_affinity_pred_value_protein,L2,5.360561338029753,0.001896545540811734,0.01839754885949146,0.3367814668025471,0.4455067392130162,benchmark/benchmark/submissions_tahoe_lfc_heldout_molecules_fresh/expression/pert_prediction_tahoe_regression/CVCL_1055.heldout_molecules/2026-05-26T00-44-10.100191.json
CVCL_1055,heldout_molecules,knn_baseline_chatgpt,knn,chatgpt,L2,5.3060389441896,0.0018215474655002895,0.0183317002268156,0.3314472656422629,0.45073564454389387,benchmark/benchmark/submissions_tahoe_lfc_heldout_molecules_fresh/expression/pert_prediction_tahoe_regression/CVCL_1055.heldout_molecules/2026-05-26T00-43-35.410910.json
CVCL_1055,heldout_molecules,knn_baseline_ecfp:2,knn,ecfp:2,L2,5.322622063560377,0.0018902012224101272,0.0183137352888578,0.3404770428486324,0.45308236163628685,benchmark/benchmark/submissions_tahoe_lfc_heldout_molecules_fresh/expression/pert_prediction_tahoe_regression/CVCL_1055.heldout_molecules/2026-05-26T00-44-23.071290.json
CVCL_1055,heldout_molecules,knn_baseline_erg,knn,erg,L2,5.350376583721814,0.001896620074842106,0.018411071562332453,0.3334219640555914,0.446896731209481,benchmark/benchmark/submissions_tahoe_lfc_heldout_molecules_fresh/expression/pert_prediction_tahoe_regression/CVCL_1055.heldout_molecules/2026-05-26T00-44-10.850134.json
CVCL_1055,heldout_molecules,knn_baseline_maccs,knn,maccs,L2,5.348559715464792,0.001896245543246401,0.018369908587632003,0.3386849175172004,0.4461853257161713,benchmark/benchmark/submissions_tahoe_lfc_heldout_molecules_fresh/expression/pert_prediction_tahoe_regression/CVCL_1055.heldout_molecules/2026-05-26T00-43-40.767631.json
CVCL_1055,heldout_molecules,knn_baseline_morgan_initialized_lpm,knn,morgan_initialized_lpm,L2,5.383694774279376,0.0019463517375336752,0.018485814738766298,0.3251758474412907,0.42864714303014795,benchmark/benchmark/submissions_tahoe_lfc_heldout_molecules_fresh/expression/pert_prediction_tahoe_regression/CVCL_1055.heldout_molecules/2026-05-26T00-43-23.911650.json
CVCL_1055,heldout_molecules,knn_baseline_pca,knn,pca,L2,3.7828214234747484,0.001092143002068622,0.013274398363104296,0.6161721284816488,0.7630209556356204,benchmark/benchmark/submissions_tahoe_lfc_heldout_molecules_fresh/expression/pert_prediction_tahoe_regression/CVCL_1055.heldout_molecules/2026-05-26T00-43-23.943149.json
CVCL_1055,heldout_molecules,knn_baseline_random,knn,random,L2,5.382830130326645,0.0019140013559945277,0.01849358599932442,0.32636122616624236,0.4339231974025448,benchmark/benchmark/submissions_tahoe_lfc_heldout_molecules_fresh/expression/pert_prediction_tahoe_regression/CVCL_1055.heldout_molecules/2026-05-26T00-43-23.799728.json
CVCL_1055,heldout_molecules,knn_baseline_secfp,knn,secfp,L2,5.363830083329398,0.0019405746465255575,0.018429428682958684,0.33365216015605237,0.4454961882075453,benchmark/benchmark/submissions_tahoe_lfc_heldout_molecules_fresh/expression/pert_prediction_tahoe_regression/CVCL_1055.heldout_molecules/2026-05-26T00-44-12.378836.json
CVCL_1055,heldout_molecules,knn_baseline_topological,knn,topological,L2,5.360543820200623,0.001925115486833789,0.01842264386697559,0.3329957561508626,0.4444907420100276,benchmark/benchmark/submissions_tahoe_lfc_heldout_molecules_fresh/expression/pert_prediction_tahoe_regression/CVCL_1055.heldout_molecules/2026-05-26T00-43-45.824402.json
CVCL_1055,heldout_molecules,knn_baseline_unimol2-570m-H,knn,unimol2-570m-H,L2,5.382062377767338,0.0019046813108419176,0.018479816553541882,0.3280015048982686,0.43557162865049665,benchmark/benchmark/submissions_tahoe_lfc_heldout_molecules_fresh/expression/pert_prediction_tahoe_regression/CVCL_1055.heldout_molecules/2026-05-26T00-44-29.772902.json
CVCL_1055,heldout_molecules,lasso_baseline_ChemBERTa-77M-MLM,lasso,ChemBERTa-77M-MLM,L2,5.332000040548573,0.0018860438901956967,0.01832322837457855,0.34035515681082484,0.45145537822780485,benchmark/benchmark/submissions_tahoe_lfc_heldout_molecules_fresh/expression/pert_prediction_tahoe_regression/CVCL_1055.heldout_molecules/2026-05-26T00-43-45.999237.json
CVCL_1055,heldout_molecules,lasso_baseline_ChemBERTa-77M-MTR,lasso,ChemBERTa-77M-MTR,L2,5.334281455517016,0.0018866861495686806,0.018325522149894465,0.34014195648054807,0.45032969907369413,benchmark/benchmark/submissions_tahoe_lfc_heldout_molecules_fresh/expression/pert_prediction_tahoe_regression/CVCL_1055.heldout_molecules/2026-05-26T00-43-45.490029.json
CVCL_1055,heldout_molecules,lasso_baseline_MiniMol,lasso,MiniMol,L2,5.320605018495398,0.0018802195883067278,0.018296108281991696,0.3416887816349291,0.4555665218893867,benchmark/benchmark/submissions_tahoe_lfc_heldout_molecules_fresh/expression/pert_prediction_tahoe_regression/CVCL_1055.heldout_molecules/2026-05-26T00-44-01.199737.json
CVCL_1055,heldout_molecules,lasso_baseline_MolT5,lasso,MolT5,L2,5.345752133163626,0.001889382019508096,0.01835546913067247,0.33823342227405506,0.4456096649867851,benchmark/benchmark/submissions_tahoe_lfc_heldout_molecules_fresh/expression/pert_prediction_tahoe_regression/CVCL_1055.heldout_molecules/2026-05-26T00-44-29.647071.json
CVCL_1055,heldout_molecules,lasso_baseline_avalon,lasso,avalon,L2,5.334534785182084,0.0018816100180265225,0.018324889275624215,0.34020311173547507,0.44881766562896114,benchmark/benchmark/submissions_tahoe_lfc_heldout_molecules_fresh/expression/pert_prediction_tahoe_regression/CVCL_1055.heldout_molecules/2026-05-26T00-44-36.122482.json
CVCL_1055,heldout_molecules,lasso_baseline_boltz_affinity_pred_value_fragment,lasso,boltz_affinity_pred_value_fragment,L2,5.327457730292325,0.0018851101800809933,0.018302027057159425,0.34313642279761475,0.45608510185505535,benchmark/benchmark/submissions_tahoe_lfc_heldout_molecules_fresh/expression/pert_prediction_tahoe_regression/CVCL_1055.heldout_molecules/2026-05-26T00-44-25.629995.json
CVCL_1055,heldout_molecules,lasso_baseline_boltz_affinity_pred_value_protein,lasso,boltz_affinity_pred_value_protein,L2,5.330220824485449,0.0018850611306616806,0.01831088477346012,0.3420741869723184,0.4544938979776353,benchmark/benchmark/submissions_tahoe_lfc_heldout_molecules_fresh/expression/pert_prediction_tahoe_regression/CVCL_1055.heldout_molecules/2026-05-26T00-44-25.056854.json
CVCL_1055,heldout_molecules,lasso_baseline_chatgpt,lasso,chatgpt,L2,5.282050618165408,0.0018501980112364546,0.018217159923889538,0.34436455212545436,0.4654204347917026,benchmark/benchmark/submissions_tahoe_lfc_heldout_molecules_fresh/expression/pert_prediction_tahoe_regression/CVCL_1055.heldout_molecules/2026-05-26T00-43-48.279277.json
CVCL_1055,heldout_molecules,lasso_baseline_ecfp:2,lasso,ecfp:2,L2,5.335138600541146,0.0018888432711276807,0.01832703454880375,0.3402617209925102,0.4505360247926756,benchmark/benchmark/submissions_tahoe_lfc_heldout_molecules_fresh/expression/pert_prediction_tahoe_regression/CVCL_1055.heldout_molecules/2026-05-26T00-44-37.310650.json
CVCL_1055,heldout_molecules,lasso_baseline_erg,lasso,erg,L2,5.33448148741708,0.0018890645523910552,0.018326899636996827,0.3401596082248189,0.4506568725112699,benchmark/benchmark/submissions_tahoe_lfc_heldout_molecules_fresh/expression/pert_prediction_tahoe_regression/CVCL_1055.heldout_molecules/2026-05-26T00-44-24.935683.json
CVCL_1055,heldout_molecules,lasso_baseline_maccs,lasso,maccs,L2,5.332149786910498,0.0018871318198255761,0.018324326145808208,0.3401432806160849,0.45160988033076777,benchmark/benchmark/submissions_tahoe_lfc_heldout_molecules_fresh/expression/pert_prediction_tahoe_regression/CVCL_1055.heldout_molecules/2026-05-26T00-43-55.884056.json
CVCL_1055,heldout_molecules,lasso_baseline_morgan_initialized_lpm,lasso,morgan_initialized_lpm,L2,5.4336253831968,0.0019414071774384943,0.01844851546640418,0.3374432996114237,0.41986286215342566,benchmark/benchmark/submissions_tahoe_lfc_heldout_molecules_fresh/expression/pert_prediction_tahoe_regression/CVCL_1055.heldout_molecules/2026-05-26T00-43-38.452848.json
CVCL_1055,heldout_molecules,lasso_baseline_pca,lasso,pca,L2,2.7039942469043106,0.0004936556379532238,0.010570278290418697,0.6707073585661254,0.8728554780502471,benchmark/benchmark/submissions_tahoe_lfc_heldout_molecules_fresh/expression/pert_prediction_tahoe_regression/CVCL_1055.heldout_molecules/2026-05-26T00-43-44.540805.json
CVCL_1055,heldout_molecules,lasso_baseline_random,lasso,random,L2,5.33448148741708,0.0018890645523910552,0.018326899636996827,0.3401596082248189,0.4506568725112699,benchmark/benchmark/submissions_tahoe_lfc_heldout_molecules_fresh/expression/pert_prediction_tahoe_regression/CVCL_1055.heldout_molecules/2026-05-26T00-43-38.384072.json
CVCL_1055,heldout_molecules,lasso_baseline_secfp,lasso,secfp,L2,5.3334487194251,0.0018868601438533199,0.01832374684008448,0.34021959433877497,0.45145983099592957,benchmark/benchmark/submissions_tahoe_lfc_heldout_molecules_fresh/expression/pert_prediction_tahoe_regression/CVCL_1055.heldout_molecules/2026-05-26T00-44-26.369884.json
CVCL_1055,heldout_molecules,lasso_baseline_topological,lasso,topological,L2,5.33448148741708,0.0018890645523910552,0.018326899636996827,0.3401596082248189,0.4506568725112699,benchmark/benchmark/submissions_tahoe_lfc_heldout_molecules_fresh/expression/pert_prediction_tahoe_regression/CVCL_1055.heldout_molecules/2026-05-26T00-44-00.470312.json
CVCL_1055,heldout_molecules,lasso_baseline_unimol2-570m-H,lasso,unimol2-570m-H,L2,5.349295257084448,0.0018938009146539907,0.018363969497970575,0.338074211749514,0.44598425116071577,benchmark/benchmark/submissions_tahoe_lfc_heldout_molecules_fresh/expression/pert_prediction_tahoe_regression/CVCL_1055.heldout_molecules/2026-05-26T00-44-42.595816.json
CVCL_1056,heldout_molecules,knn_baseline_ChemBERTa-77M-MLM,knn,ChemBERTa-77M-MLM,L2,6.134490329771739,0.0022588019728559706,0.020385155399131886,0.33444747902290944,0.43244420460163585,benchmark/benchmark/submissions_tahoe_lfc_heldout_molecules_fresh/expression/pert_prediction_tahoe_regression/CVCL_1056.heldout_molecules/2026-05-26T00-44-58.443974.json
CVCL_1056,heldout_molecules,knn_baseline_ChemBERTa-77M-MTR,knn,ChemBERTa-77M-MTR,L2,6.07330091340987,0.0022413930402635915,0.02013548565602099,0.3562489507239666,0.4558459193228962,benchmark/benchmark/submissions_tahoe_lfc_heldout_molecules_fresh/expression/pert_prediction_tahoe_regression/CVCL_1056.heldout_molecules/2026-05-26T00-44-58.514493.json
CVCL_1056,heldout_molecules,knn_baseline_MiniMol,knn,MiniMol,L2,6.0062921025361,0.002192463848923281,0.01995854990161122,0.3707540816639547,0.47412711927304385,benchmark/benchmark/submissions_tahoe_lfc_heldout_molecules_fresh/expression/pert_prediction_tahoe_regression/CVCL_1056.heldout_molecules/2026-05-26T00-45-08.938771.json
CVCL_1056,heldout_molecules,knn_baseline_MolT5,knn,MolT5,L2,6.134330352086629,0.002266475547384771,0.020357322736170053,0.33919883224719427,0.43659370889643967,benchmark/benchmark/submissions_tahoe_lfc_heldout_molecules_fresh/expression/pert_prediction_tahoe_regression/CVCL_1056.heldout_molecules/2026-05-26T00-45-49.982443.json
CVCL_1056,heldout_molecules,knn_baseline_avalon,knn,avalon,L2,6.066259636684693,0.002258610387513568,0.020136472440760604,0.35722241243165226,0.45817465919490924,benchmark/benchmark/submissions_tahoe_lfc_heldout_molecules_fresh/expression/pert_prediction_tahoe_regression/CVCL_1056.heldout_molecules/2026-05-26T00-45-51.010997.json
CVCL_1056,heldout_molecules,knn_baseline_boltz_affinity_pred_value_fragment,knn,boltz_affinity_pred_value_fragment,L2,6.086267391707485,0.002246954467182651,0.020175785298705087,0.3570798702634988,0.45409106945270805,benchmark/benchmark/submissions_tahoe_lfc_heldout_molecules_fresh/expression/pert_prediction_tahoe_regression/CVCL_1056.heldout_molecules/2026-05-26T00-45-14.906799.json
CVCL_1056,heldout_molecules,knn_baseline_boltz_affinity_pred_value_protein,knn,boltz_affinity_pred_value_protein,L2,6.090603146307923,0.0022542664355818865,0.020190945063691994,0.35505424693688165,0.45266288837669405,benchmark/benchmark/submissions_tahoe_lfc_heldout_molecules_fresh/expression/pert_prediction_tahoe_regression/CVCL_1056.heldout_molecules/2026-05-26T00-45-18.961632.json
CVCL_1056,heldout_molecules,knn_baseline_chatgpt,knn,chatgpt,L2,6.054432551061797,0.0021931146320187146,0.02017439421862586,0.34792968353823783,0.45538547440012767,benchmark/benchmark/submissions_tahoe_lfc_heldout_molecules_fresh/expression/pert_prediction_tahoe_regression/CVCL_1056.heldout_molecules/2026-05-26T00-44-58.286363.json
CVCL_1056,heldout_molecules,knn_baseline_ecfp:2,knn,ecfp:2,L2,6.049351769302049,0.0022360383769039994,0.020090954252421113,0.3605893651432269,0.4640507312266623,benchmark/benchmark/submissions_tahoe_lfc_heldout_molecules_fresh/expression/pert_prediction_tahoe_regression/CVCL_1056.heldout_molecules/2026-05-26T00-45-50.128181.json
CVCL_1056,heldout_molecules,knn_baseline_erg,knn,erg,L2,6.1032245058502745,0.0022673991500961146,0.020276422535749634,0.3471317514453355,0.4464156139517728,benchmark/benchmark/submissions_tahoe_lfc_heldout_molecules_fresh/expression/pert_prediction_tahoe_regression/CVCL_1056.heldout_molecules/2026-05-26T00-45-49.253684.json
CVCL_1056,heldout_molecules,knn_baseline_maccs,knn,maccs,L2,6.099441767832649,0.002259765539879647,0.020256159585711916,0.3489311329220409,0.44721262658817884,benchmark/benchmark/submissions_tahoe_lfc_heldout_molecules_fresh/expression/pert_prediction_tahoe_regression/CVCL_1056.heldout_molecules/2026-05-26T00-45-03.347996.json
CVCL_1056,heldout_molecules,knn_baseline_morgan_initialized_lpm,knn,morgan_initialized_lpm,L2,6.12520243899042,0.002308904423688565,0.0203417764182943,0.3405873338623984,0.43576286045105483,benchmark/benchmark/submissions_tahoe_lfc_heldout_molecules_fresh/expression/pert_prediction_tahoe_regression/CVCL_1056.heldout_molecules/2026-05-26T00-44-31.305924.json
CVCL_1056,heldout_molecules,knn_baseline_pca,knn,pca,L2,3.9179427233123763,0.0011020127194944114,0.013095553671218112,0.6688985749872964,0.8020989531130985,benchmark/benchmark/submissions_tahoe_lfc_heldout_molecules_fresh/expression/pert_prediction_tahoe_regression/CVCL_1056.heldout_molecules/2026-05-26T00-44-57.554221.json
CVCL_1056,heldout_molecules,knn_baseline_random,knn,random,L2,6.110151884431256,0.0022455612115530104,0.020306433711933018,0.34269513036664573,0.4414338403418618,benchmark/benchmark/submissions_tahoe_lfc_heldout_molecules_fresh/expression/pert_prediction_tahoe_regression/CVCL_1056.heldout_molecules/2026-05-26T00-44-31.926632.json
CVCL_1056,heldout_molecules,knn_baseline_secfp,knn,secfp,L2,6.078278458976515,0.0022741642793679654,0.020179796511981256,0.3543088495586533,0.4574243192155089,benchmark/benchmark/submissions_tahoe_lfc_heldout_molecules_fresh/expression/pert_prediction_tahoe_regression/CVCL_1056.heldout_molecules/2026-05-26T00-45-21.897910.json
CVCL_1056,heldout_molecules,knn_baseline_topological,knn,topological,L2,6.10371831768944,0.0022806493324972247,0.020256939503459043,0.34927776475212136,0.4498015294134611,benchmark/benchmark/submissions_tahoe_lfc_heldout_molecules_fresh/expression/pert_prediction_tahoe_regression/CVCL_1056.heldout_molecules/2026-05-26T00-45-05.828202.json
CVCL_1056,heldout_molecules,knn_baseline_unimol2-570m-H,knn,unimol2-570m-H,L2,6.112588999832354,0.0022608694656345288,0.02029077060958533,0.3440305163964408,0.4435365759740044,benchmark/benchmark/submissions_tahoe_lfc_heldout_molecules_fresh/expression/pert_prediction_tahoe_regression/CVCL_1056.heldout_molecules/2026-05-26T00-45-55.828026.json
CVCL_1056,heldout_molecules,lasso_baseline_ChemBERTa-77M-MLM,lasso,ChemBERTa-77M-MLM,L2,6.060218943033762,0.002232667813199562,0.020108298482630755,0.35804115903127137,0.4594834953459001,benchmark/benchmark/submissions_tahoe_lfc_heldout_molecules_fresh/expression/pert_prediction_tahoe_regression/CVCL_1056.heldout_molecules/2026-05-26T00-45-12.692147.json
CVCL_1056,heldout_molecules,lasso_baseline_ChemBERTa-77M-MTR,lasso,ChemBERTa-77M-MTR,L2,6.0533492367396855,0.00222883108107892,0.020095972433406033,0.35839307407221926,0.4623189516121502,benchmark/benchmark/submissions_tahoe_lfc_heldout_molecules_fresh/expression/pert_prediction_tahoe_regression/CVCL_1056.heldout_molecules/2026-05-26T00-45-12.802506.json
CVCL_1056,heldout_molecules,lasso_baseline_MiniMol,lasso,MiniMol,L2,6.057744772793339,0.0022322485019993493,0.020102231036670082,0.35826939702638394,0.4608347190999289,benchmark/benchmark/submissions_tahoe_lfc_heldout_molecules_fresh/expression/pert_prediction_tahoe_regression/CVCL_1056.heldout_molecules/2026-05-26T00-45-23.481055.json
CVCL_1056,heldout_molecules,lasso_baseline_MolT5,lasso,MolT5,L2,6.0904048013557075,0.002251379930533824,0.020169785918894217,0.3552821665233665,0.4496367965303395,benchmark/benchmark/submissions_tahoe_lfc_heldout_molecules_fresh/expression/pert_prediction_tahoe_regression/CVCL_1056.heldout_molecules/2026-05-26T00-46-00.766526.json
CVCL_1056,heldout_molecules,lasso_baseline_avalon,lasso,avalon,L2,6.067431617044824,0.0022344492511247346,0.020127500660851092,0.35773674431015956,0.4567250227117316,benchmark/benchmark/submissions_tahoe_lfc_heldout_molecules_fresh/expression/pert_prediction_tahoe_regression/CVCL_1056.heldout_molecules/2026-05-26T00-46-05.958395.json
CVCL_1056,heldout_molecules,lasso_baseline_boltz_affinity_pred_value_fragment,lasso,boltz_affinity_pred_value_fragment,L2,6.05871849458633,0.002232808970684208,0.020105031998100095,0.3581574745029856,0.4604621863380698,benchmark/benchmark/submissions_tahoe_lfc_heldout_molecules_fresh/expression/pert_prediction_tahoe_regression/CVCL_1056.heldout_molecules/2026-05-26T00-45-31.548827.json
CVCL_1056,heldout_molecules,lasso_baseline_boltz_affinity_pred_value_protein,lasso,boltz_affinity_pred_value_protein,L2,6.058827710364951,0.002232839048753149,0.0201049237777396,0.35815528550841463,0.46041937004567224,benchmark/benchmark/submissions_tahoe_lfc_heldout_molecules_fresh/expression/pert_prediction_tahoe_regression/CVCL_1056.heldout_molecules/2026-05-26T00-45-34.256961.json
CVCL_1056,heldout_molecules,lasso_baseline_chatgpt,lasso,chatgpt,L2,6.024218071374534,0.0022038596059298747,0.020034234418438452,0.36075434930809724,0.4693198701022007,benchmark/benchmark/submissions_tahoe_lfc_heldout_molecules_fresh/expression/pert_prediction_tahoe_regression/CVCL_1056.heldout_molecules/2026-05-26T00-45-10.140804.json
CVCL_1056,heldout_molecules,lasso_baseline_ecfp:2,lasso,ecfp:2,L2,6.066691272269081,0.002237283418803665,0.020116809277058296,0.3578316815349579,0.4578904752232927,benchmark/benchmark/submissions_tahoe_lfc_heldout_molecules_fresh/expression/pert_prediction_tahoe_regression/CVCL_1056.heldout_molecules/2026-05-26T00-46-01.098237.json
CVCL_1056,heldout_molecules,lasso_baseline_erg,lasso,erg,L2,6.058690929391773,0.0022327040540426747,0.020104761886855615,0.3581664126965142,0.46045472761823836,benchmark/benchmark/submissions_tahoe_lfc_heldout_molecules_fresh/expression/pert_prediction_tahoe_regression/CVCL_1056.heldout_molecules/2026-05-26T00-46-03.902078.json
CVCL_1056,heldout_molecules,lasso_baseline_maccs,lasso,maccs,L2,6.057713467871451,0.0022320085998943197,0.02010496579802904,0.35819509156005336,0.4607205697041815,benchmark/benchmark/submissions_tahoe_lfc_heldout_molecules_fresh/expression/pert_prediction_tahoe_regression/CVCL_1056.heldout_molecules/2026-05-26T00-45-19.923295.json
CVCL_1056,heldout_molecules,lasso_baseline_morgan_initialized_lpm,lasso,morgan_initialized_lpm,L2,6.165615105791641,0.002300506991279888,0.020265877132304284,0.35389311719336636,0.42973834655048015,benchmark/benchmark/submissions_tahoe_lfc_heldout_molecules_fresh/expression/pert_prediction_tahoe_regression/CVCL_1056.heldout_molecules/2026-05-26T00-44-45.880770.json
CVCL_1056,heldout_molecules,lasso_baseline_pca,lasso,pca,L2,2.636925570968324,0.0005149841590252742,0.009858766817989027,0.7299850776359365,0.9117712827542946,benchmark/benchmark/submissions_tahoe_lfc_heldout_molecules_fresh/expression/pert_prediction_tahoe_regression/CVCL_1056.heldout_molecules/2026-05-26T00-45-19.017286.json
CVCL_1056,heldout_molecules,lasso_baseline_random,lasso,random,L2,6.058690929391773,0.0022327040540426747,0.020104761886855615,0.3581664126965142,0.46045472761823836,benchmark/benchmark/submissions_tahoe_lfc_heldout_molecules_fresh/expression/pert_prediction_tahoe_regression/CVCL_1056.heldout_molecules/2026-05-26T00-44-49.077849.json
CVCL_1056,heldout_molecules,lasso_baseline_secfp,lasso,secfp,L2,6.060852854002995,0.002233240093549046,0.020107007714118295,0.35814007922222774,0.4593703587281383,benchmark/benchmark/submissions_tahoe_lfc_heldout_molecules_fresh/expression/pert_prediction_tahoe_regression/CVCL_1056.heldout_molecules/2026-05-26T00-45-40.606674.json
CVCL_1056,heldout_molecules,lasso_baseline_topological,lasso,topological,L2,6.064940857670929,0.0022353867613866263,0.020113144951859816,0.35795676752212174,0.45823486518705153,benchmark/benchmark/submissions_tahoe_lfc_heldout_molecules_fresh/expression/pert_prediction_tahoe_regression/CVCL_1056.heldout_molecules/2026-05-26T00-45-21.601124.json
CVCL_1056,heldout_molecules,lasso_baseline_unimol2-570m-H,lasso,unimol2-570m-H,L2,6.058752905077296,0.0022327021187434895,0.020104988042563124,0.35816305828765316,0.46044976105916735,benchmark/benchmark/submissions_tahoe_lfc_heldout_molecules_fresh/expression/pert_prediction_tahoe_regression/CVCL_1056.heldout_molecules/2026-05-26T00-46-08.716313.json
CVCL_1094,heldout_molecules,knn_baseline_ChemBERTa-77M-MLM,knn,ChemBERTa-77M-MLM,L2,4.9684436843277355,0.0015714436233099588,0.016642910819807875,0.3166121848860022,0.422260983604949,benchmark/benchmark/submissions_tahoe_lfc_heldout_molecules_fresh/expression/pert_prediction_tahoe_regression/CVCL_1094.heldout_molecules/2026-05-26T00-46-11.032176.json
CVCL_1094,heldout_molecules,knn_baseline_ChemBERTa-77M-MTR,knn,ChemBERTa-77M-MTR,L2,4.9407594945479305,0.0015667148021876092,0.01652224303260376,0.3296246175748308,0.43659840225017776,benchmark/benchmark/submissions_tahoe_lfc_heldout_molecules_fresh/expression/pert_prediction_tahoe_regression/CVCL_1094.heldout_molecules/2026-05-26T00-46-07.036071.json
CVCL_1094,heldout_molecules,knn_baseline_MiniMol,knn,MiniMol,L2,4.864721682381512,0.0015244858980452837,0.016294243476553106,0.35069232587429006,0.46588396745363464,benchmark/benchmark/submissions_tahoe_lfc_heldout_molecules_fresh/expression/pert_prediction_tahoe_regression/CVCL_1094.heldout_molecules/2026-05-26T00-46-34.678472.json
CVCL_1094,heldout_molecules,knn_baseline_MolT5,knn,MolT5,L2,4.947384442809343,0.0015639511882487188,0.016557778608047656,0.3256418581919803,0.4327928622030046,benchmark/benchmark/submissions_tahoe_lfc_heldout_molecules_fresh/expression/pert_prediction_tahoe_regression/CVCL_1094.heldout_molecules/2026-05-26T00-46-54.226747.json
CVCL_1094,heldout_molecules,knn_baseline_avalon,knn,avalon,L2,4.921491150145762,0.0015696217373507653,0.01644398323823968,0.3366910663227747,0.4443490191836566,benchmark/benchmark/submissions_tahoe_lfc_heldout_molecules_fresh/expression/pert_prediction_tahoe_regression/CVCL_1094.heldout_molecules/2026-05-26T00-46-57.883243.json
CVCL_1094,heldout_molecules,knn_baseline_boltz_affinity_pred_value_fragment,knn,boltz_affinity_pred_value_fragment,L2,4.918724130168918,0.0015560864468289024,0.01642878237856251,0.3412647167373527,0.4465269635753207,benchmark/benchmark/submissions_tahoe_lfc_heldout_molecules_fresh/expression/pert_prediction_tahoe_regression/CVCL_1094.heldout_molecules/2026-05-26T00-46-40.994850.json
CVCL_1094,heldout_molecules,knn_baseline_boltz_affinity_pred_value_protein,knn,boltz_affinity_pred_value_protein,L2,4.916106613218977,0.0015556035224219844,0.01642975285329484,0.3397655373471109,0.44740050682450505,benchmark/benchmark/submissions_tahoe_lfc_heldout_molecules_fresh/expression/pert_prediction_tahoe_regression/CVCL_1094.heldout_molecules/2026-05-26T00-46-41.886062.json
CVCL_1094,heldout_molecules,knn_baseline_chatgpt,knn,chatgpt,L2,4.928147274537491,0.0015457467933345137,0.01655112166165484,0.32200457384947556,0.435402520422518,benchmark/benchmark/submissions_tahoe_lfc_heldout_molecules_fresh/expression/pert_prediction_tahoe_regression/CVCL_1094.heldout_molecules/2026-05-26T00-46-35.381035.json
CVCL_1094,heldout_molecules,knn_baseline_ecfp:2,knn,ecfp:2,L2,4.90802544528443,0.0015565886974286524,0.016424188988399282,0.33821899383048715,0.44925752829570564,benchmark/benchmark/submissions_tahoe_lfc_heldout_molecules_fresh/expression/pert_prediction_tahoe_regression/CVCL_1094.heldout_molecules/2026-05-26T00-47-23.078226.json
CVCL_1094,heldout_molecules,knn_baseline_erg,knn,erg,L2,4.938191979844103,0.001568642979056936,0.016522976718454957,0.3294987535037645,0.4381623115898151,benchmark/benchmark/submissions_tahoe_lfc_heldout_molecules_fresh/expression/pert_prediction_tahoe_regression/CVCL_1094.heldout_molecules/2026-05-26T00-46-52.013253.json
CVCL_1094,heldout_molecules,knn_baseline_maccs,knn,maccs,L2,4.913848027762931,0.0015597997979711813,0.01643207835729193,0.33898274429319153,0.4467731076709097,benchmark/benchmark/submissions_tahoe_lfc_heldout_molecules_fresh/expression/pert_prediction_tahoe_regression/CVCL_1094.heldout_molecules/2026-05-26T00-46-34.277591.json
CVCL_1094,heldout_molecules,knn_baseline_morgan_initialized_lpm,knn,morgan_initialized_lpm,L2,4.945592475095054,0.0016000216285900286,0.016529565561102973,0.32596821056984937,0.4295359752199628,benchmark/benchmark/submissions_tahoe_lfc_heldout_molecules_fresh/expression/pert_prediction_tahoe_regression/CVCL_1094.heldout_molecules/2026-05-26T00-45-55.624466.json
CVCL_1094,heldout_molecules,knn_baseline_pca,knn,pca,L2,3.4751146571986515,0.0009005268234853971,0.012008927132789156,0.6176620976526759,0.7698195382412266,benchmark/benchmark/submissions_tahoe_lfc_heldout_molecules_fresh/expression/pert_prediction_tahoe_regression/CVCL_1094.heldout_molecules/2026-05-26T00-46-05.775212.json
CVCL_1094,heldout_molecules,knn_baseline_random,knn,random,L2,4.9427401654752625,0.001577536675842264,0.016530999295420283,0.32822570551609137,0.4363774269580187,benchmark/benchmark/submissions_tahoe_lfc_heldout_molecules_fresh/expression/pert_prediction_tahoe_regression/CVCL_1094.heldout_molecules/2026-05-26T00-46-00.372940.json
CVCL_1094,heldout_molecules,knn_baseline_secfp,knn,secfp,L2,4.927692744579554,0.001585123789351115,0.01645679748098384,0.33658887022644673,0.44313475705098676,benchmark/benchmark/submissions_tahoe_lfc_heldout_molecules_fresh/expression/pert_prediction_tahoe_regression/CVCL_1094.heldout_molecules/2026-05-26T00-46-47.897563.json
CVCL_1094,heldout_molecules,knn_baseline_topological,knn,topological,L2,4.937558071009729,0.0015809274917258963,0.01647913640901681,0.33551942865424655,0.43912042351489217,benchmark/benchmark/submissions_tahoe_lfc_heldout_molecules_fresh/expression/pert_prediction_tahoe_regression/CVCL_1094.heldout_molecules/2026-05-26T00-46-36.239025.json
CVCL_1094,heldout_molecules,knn_baseline_unimol2-570m-H,knn,unimol2-570m-H,L2,4.9464730642399415,0.0015670297906302448,0.016533815569628872,0.32820339602333565,0.4335577303782368,benchmark/benchmark/submissions_tahoe_lfc_heldout_molecules_fresh/expression/pert_prediction_tahoe_regression/CVCL_1094.heldout_molecules/2026-05-26T00-47-22.938403.json
CVCL_1094,heldout_molecules,lasso_baseline_ChemBERTa-77M-MLM,lasso,ChemBERTa-77M-MLM,L2,4.9112693249762875,0.0015548781446851133,0.016432164282721953,0.3369247056677739,0.44831850799617173,benchmark/benchmark/submissions_tahoe_lfc_heldout_molecules_fresh/expression/pert_prediction_tahoe_regression/CVCL_1094.heldout_molecules/2026-05-26T00-46-25.878936.json
CVCL_1094,heldout_molecules,lasso_baseline_ChemBERTa-77M-MTR,lasso,ChemBERTa-77M-MTR,L2,4.907753794046956,0.0015529646125895266,0.016426760782532093,0.33692602088282153,0.44961090110677254,benchmark/benchmark/submissions_tahoe_lfc_heldout_molecules_fresh/expression/pert_prediction_tahoe_regression/CVCL_1094.heldout_molecules/2026-05-26T00-46-24.422809.json
CVCL_1094,heldout_molecules,lasso_baseline_MiniMol,lasso,MiniMol,L2,4.902425913910073,0.0015510086109325617,0.016419037068329034,0.33725021875083483,0.45167407306016427,benchmark/benchmark/submissions_tahoe_lfc_heldout_molecules_fresh/expression/pert_prediction_tahoe_regression/CVCL_1094.heldout_molecules/2026-05-26T00-46-45.855771.json
CVCL_1094,heldout_molecules,lasso_baseline_MolT5,lasso,MolT5,L2,4.915185612290306,0.0015542938584936473,0.016438491076582188,0.3363711891723775,0.44570573431631816,benchmark/benchmark/submissions_tahoe_lfc_heldout_molecules_fresh/expression/pert_prediction_tahoe_regression/CVCL_1094.heldout_molecules/2026-05-26T00-47-06.987641.json
CVCL_1094,heldout_molecules,lasso_baseline_avalon,lasso,avalon,L2,4.910015305672675,0.001551505779597979,0.016427548833267375,0.33715028782105316,0.44799650632067545,benchmark/benchmark/submissions_tahoe_lfc_heldout_molecules_fresh/expression/pert_prediction_tahoe_regression/CVCL_1094.heldout_molecules/2026-05-26T00-47-13.895913.json
CVCL_1094,heldout_molecules,lasso_baseline_boltz_affinity_pred_value_fragment,lasso,boltz_affinity_pred_value_fragment,L2,4.907503941398251,0.0015541593413411197,0.01642357168755838,0.3379905134959437,0.45130365646635656,benchmark/benchmark/submissions_tahoe_lfc_heldout_molecules_fresh/expression/pert_prediction_tahoe_regression/CVCL_1094.heldout_molecules/2026-05-26T00-46-57.241642.json
CVCL_1094,heldout_molecules,lasso_baseline_boltz_affinity_pred_value_protein,lasso,boltz_affinity_pred_value_protein,L2,4.909371039729514,0.0015544611304959177,0.016430162851824026,0.33731193514319796,0.45012420949104953,benchmark/benchmark/submissions_tahoe_lfc_heldout_molecules_fresh/expression/pert_prediction_tahoe_regression/CVCL_1094.heldout_molecules/2026-05-26T00-46-58.304944.json
CVCL_1094,heldout_molecules,lasso_baseline_chatgpt,lasso,chatgpt,L2,4.877374361937252,0.0015337697271565192,0.016376278251258543,0.3390443184904292,0.4592113712037845,benchmark/benchmark/submissions_tahoe_lfc_heldout_molecules_fresh/expression/pert_prediction_tahoe_regression/CVCL_1094.heldout_molecules/2026-05-26T00-46-46.824241.json
CVCL_1094,heldout_molecules,lasso_baseline_ecfp:2,lasso,ecfp:2,L2,4.914580854192558,0.0015563967749092746,0.016435386916354672,0.33680519228340217,0.44723874975904154,benchmark/benchmark/submissions_tahoe_lfc_heldout_molecules_fresh/expression/pert_prediction_tahoe_regression/CVCL_1094.heldout_molecules/2026-05-26T00-47-33.917580.json
CVCL_1094,heldout_molecules,lasso_baseline_erg,lasso,erg,L2,4.913603037183074,0.0015565385599303008,0.016434391635508003,0.3368337770584449,0.4475352098374539,benchmark/benchmark/submissions_tahoe_lfc_heldout_molecules_fresh/expression/pert_prediction_tahoe_regression/CVCL_1094.heldout_molecules/2026-05-26T00-47-07.482247.json
CVCL_1094,heldout_molecules,lasso_baseline_maccs,lasso,maccs,L2,4.91243246934151,0.0015556762828103506,0.01643335638222095,0.3368737621436618,0.4481059965696098,benchmark/benchmark/submissions_tahoe_lfc_heldout_molecules_fresh/expression/pert_prediction_tahoe_regression/CVCL_1094.heldout_molecules/2026-05-26T00-46-49.397253.json
CVCL_1094,heldout_molecules,lasso_baseline_morgan_initialized_lpm,lasso,morgan_initialized_lpm,L2,4.9461276375899255,0.0015749890900204236,0.016447574488380357,0.33700104778681056,0.4338273329601774,benchmark/benchmark/submissions_tahoe_lfc_heldout_molecules_fresh/expression/pert_prediction_tahoe_regression/CVCL_1094.heldout_molecules/2026-05-26T00-46-11.817698.json
CVCL_1094,heldout_molecules,lasso_baseline_pca,lasso,pca,L2,2.556243322056074,0.000388542632598038,0.009857733961458224,0.6535558919826255,0.8655890853501724,benchmark/benchmark/submissions_tahoe_lfc_heldout_molecules_fresh/expression/pert_prediction_tahoe_regression/CVCL_1094.heldout_molecules/2026-05-26T00-46-24.404534.json
CVCL_1094,heldout_molecules,lasso_baseline_random,lasso,random,L2,4.913603037183074,0.0015565385599303008,0.016434391635508003,0.3368337770584449,0.4475352098374539,benchmark/benchmark/submissions_tahoe_lfc_heldout_molecules_fresh/expression/pert_prediction_tahoe_regression/CVCL_1094.heldout_molecules/2026-05-26T00-46-15.582622.json
CVCL_1094,heldout_molecules,lasso_baseline_secfp,lasso,secfp,L2,4.913165567917751,0.001556155237618646,0.016432236764338068,0.3368906702887341,0.447721877766609,benchmark/benchmark/submissions_tahoe_lfc_heldout_molecules_fresh/expression/pert_prediction_tahoe_regression/CVCL_1094.heldout_molecules/2026-05-26T00-47-04.230061.json
CVCL_1094,heldout_molecules,lasso_baseline_topological,lasso,topological,L2,4.913307954182607,0.0015541125663139335,0.016434970572691998,0.33680433741526866,0.4476864992893695,benchmark/benchmark/submissions_tahoe_lfc_heldout_molecules_fresh/expression/pert_prediction_tahoe_regression/CVCL_1094.heldout_molecules/2026-05-26T00-46-50.772381.json
CVCL_1094,heldout_molecules,lasso_baseline_unimol2-570m-H,lasso,unimol2-570m-H,L2,4.925113506108084,0.0015614277651754154,0.01645814529370486,0.33551287110742034,0.442078519998508,benchmark/benchmark/submissions_tahoe_lfc_heldout_molecules_fresh/expression/pert_prediction_tahoe_regression/CVCL_1094.heldout_molecules/2026-05-26T00-47-34.164476.json
CVCL_1097,heldout_molecules,knn_baseline_ChemBERTa-77M-MLM,knn,ChemBERTa-77M-MLM,L2,5.93400056113294,0.0023146347432470233,0.017881338909672074,0.2886776679007014,0.36586699915160337,benchmark/benchmark/submissions_tahoe_lfc_heldout_molecules_fresh/expression/pert_prediction_tahoe_regression/CVCL_1097.heldout_molecules/2026-05-26T00-47-32.796316.json
CVCL_1097,heldout_molecules,knn_baseline_ChemBERTa-77M-MTR,knn,ChemBERTa-77M-MTR,L2,5.802849097216399,0.0022651432464353793,0.017544520906098086,0.3102573795362651,0.4015728930697949,benchmark/benchmark/submissions_tahoe_lfc_heldout_molecules_fresh/expression/pert_prediction_tahoe_regression/CVCL_1097.heldout_molecules/2026-05-26T00-47-28.792141.json
CVCL_1097,heldout_molecules,knn_baseline_MiniMol,knn,MiniMol,L2,5.709616048664515,0.0022123772296665464,0.01731900337520601,0.3304568881057712,0.4341237191978742,benchmark/benchmark/submissions_tahoe_lfc_heldout_molecules_fresh/expression/pert_prediction_tahoe_regression/CVCL_1097.heldout_molecules/2026-05-26T00-48-09.658455.json
CVCL_1097,heldout_molecules,knn_baseline_MolT5,knn,MolT5,L2,5.891388314096567,0.0023025506070256598,0.017757963850074495,0.29746841927914697,0.37804966437348275,benchmark/benchmark/submissions_tahoe_lfc_heldout_molecules_fresh/expression/pert_prediction_tahoe_regression/CVCL_1097.heldout_molecules/2026-05-26T00-48-16.483407.json
CVCL_1097,heldout_molecules,knn_baseline_avalon,knn,avalon,L2,5.754355256705668,0.0022797440795560165,0.017402562888979525,0.3205139654033707,0.41626226614064327,benchmark/benchmark/submissions_tahoe_lfc_heldout_molecules_fresh/expression/pert_prediction_tahoe_regression/CVCL_1097.heldout_molecules/2026-05-26T00-48-22.280125.json
CVCL_1097,heldout_molecules,knn_baseline_boltz_affinity_pred_value_fragment,knn,boltz_affinity_pred_value_fragment,L2,5.75540153106987,0.0022259642794445937,0.017430414791379887,0.3230913107915954,0.4211216234181482,benchmark/benchmark/submissions_tahoe_lfc_heldout_molecules_fresh/expression/pert_prediction_tahoe_regression/CVCL_1097.heldout_molecules/2026-05-26T00-48-10.272294.json
CVCL_1097,heldout_molecules,knn_baseline_boltz_affinity_pred_value_protein,knn,boltz_affinity_pred_value_protein,L2,5.7870805099809965,0.002255090263241735,0.017521718130776458,0.3171003524296202,0.4117197648607794,benchmark/benchmark/submissions_tahoe_lfc_heldout_molecules_fresh/expression/pert_prediction_tahoe_regression/CVCL_1097.heldout_molecules/2026-05-26T00-48-10.150227.json
CVCL_1097,heldout_molecules,knn_baseline_chatgpt,knn,chatgpt,L2,5.881189663599466,0.0022669748720152666,0.0177724531105469,0.2966144919378853,0.38705687589975263,benchmark/benchmark/submissions_tahoe_lfc_heldout_molecules_fresh/expression/pert_prediction_tahoe_regression/CVCL_1097.heldout_molecules/2026-05-26T00-47-39.116105.json
CVCL_1097,heldout_molecules,knn_baseline_ecfp:2,knn,ecfp:2,L2,5.7785738925976435,0.0022778937292342984,0.017500126024988526,0.3115677466021573,0.4088801986544478,benchmark/benchmark/submissions_tahoe_lfc_heldout_molecules_fresh/expression/pert_prediction_tahoe_regression/CVCL_1097.heldout_molecules/2026-05-26T00-48-27.277553.json
CVCL_1097,heldout_molecules,knn_baseline_erg,knn,erg,L2,5.7505275105183316,0.0022473648856810497,0.017442892255776807,0.31720525711159386,0.41868429987044103,benchmark/benchmark/submissions_tahoe_lfc_heldout_molecules_fresh/expression/pert_prediction_tahoe_regression/CVCL_1097.heldout_molecules/2026-05-26T00-48-15.537045.json
CVCL_1097,heldout_molecules,knn_baseline_maccs,knn,maccs,L2,5.792825471410178,0.0022778241223308437,0.01750324162952982,0.3139100123376424,0.40266463313944806,benchmark/benchmark/submissions_tahoe_lfc_heldout_molecules_fresh/expression/pert_prediction_tahoe_regression/CVCL_1097.heldout_molecules/2026-05-26T00-47-40.034183.json
CVCL_1097,heldout_molecules,knn_baseline_morgan_initialized_lpm,knn,morgan_initialized_lpm,L2,5.7455498935314235,0.002257703323552391,0.01740417742484734,0.31853971410155313,0.4134360284863936,benchmark/benchmark/submissions_tahoe_lfc_heldout_molecules_fresh/expression/pert_prediction_tahoe_regression/CVCL_1097.heldout_molecules/2026-05-26T00-47-22.027472.json
CVCL_1097,heldout_molecules,knn_baseline_pca,knn,pca,L2,3.962604918007138,0.0012905166243316227,0.01242256319870382,0.6164841587809585,0.7958510287133266,benchmark/benchmark/submissions_tahoe_lfc_heldout_molecules_fresh/expression/pert_prediction_tahoe_regression/CVCL_1097.heldout_molecules/2026-05-26T00-47-27.525059.json
CVCL_1097,heldout_molecules,knn_baseline_random,knn,random,L2,5.831596302205717,0.0022918532389046365,0.01762058113302321,0.3018160969395063,0.3906677216872631,benchmark/benchmark/submissions_tahoe_lfc_heldout_molecules_fresh/expression/pert_prediction_tahoe_regression/CVCL_1097.heldout_molecules/2026-05-26T00-47-22.084753.json
CVCL_1097,heldout_molecules,knn_baseline_secfp,knn,secfp,L2,5.755219828203488,0.002306164733271012,0.017415137131950486,0.3188221559043225,0.416407563752259,benchmark/benchmark/submissions_tahoe_lfc_heldout_molecules_fresh/expression/pert_prediction_tahoe_regression/CVCL_1097.heldout_molecules/2026-05-26T00-48-10.721271.json
CVCL_1097,heldout_molecules,knn_baseline_topological,knn,topological,L2,5.766638311000507,0.002281340976407102,0.01744854418254348,0.3167181983452596,0.41134356813887213,benchmark/benchmark/submissions_tahoe_lfc_heldout_molecules_fresh/expression/pert_prediction_tahoe_regression/CVCL_1097.heldout_molecules/2026-05-26T00-47-43.795024.json
CVCL_1097,heldout_molecules,knn_baseline_unimol2-570m-H,knn,unimol2-570m-H,L2,5.858208832864664,0.002292220281595981,0.01770522424479905,0.2996509960417387,0.38460063279511936,benchmark/benchmark/submissions_tahoe_lfc_heldout_molecules_fresh/expression/pert_prediction_tahoe_regression/CVCL_1097.heldout_molecules/2026-05-26T00-48-31.496761.json
CVCL_1097,heldout_molecules,lasso_baseline_ChemBERTa-77M-MLM,lasso,ChemBERTa-77M-MLM,L2,5.793482918515187,0.002271622691923945,0.01750792714378285,0.311192426620199,0.40382755632163986,benchmark/benchmark/submissions_tahoe_lfc_heldout_molecules_fresh/expression/pert_prediction_tahoe_regression/CVCL_1097.heldout_molecules/2026-05-26T00-47-49.783342.json
CVCL_1097,heldout_molecules,lasso_baseline_ChemBERTa-77M-MTR,lasso,ChemBERTa-77M-MTR,L2,5.780340620280243,0.002262557209029436,0.017488897883160957,0.3118946191051909,0.4088527018737646,benchmark/benchmark/submissions_tahoe_lfc_heldout_molecules_fresh/expression/pert_prediction_tahoe_regression/CVCL_1097.heldout_molecules/2026-05-26T00-47-44.317409.json
CVCL_1097,heldout_molecules,lasso_baseline_MiniMol,lasso,MiniMol,L2,5.756881933800684,0.002243171723226484,0.017450281635023726,0.3134033924880978,0.4151493367936949,benchmark/benchmark/submissions_tahoe_lfc_heldout_molecules_fresh/expression/pert_prediction_tahoe_regression/CVCL_1097.heldout_molecules/2026-05-26T00-48-21.116346.json
CVCL_1097,heldout_molecules,lasso_baseline_MolT5,lasso,MolT5,L2,5.784836002918584,0.002260090993053476,0.017496609451584044,0.3115631668694742,0.4050413527152371,benchmark/benchmark/submissions_tahoe_lfc_heldout_molecules_fresh/expression/pert_prediction_tahoe_regression/CVCL_1097.heldout_molecules/2026-05-26T00-48-29.035682.json
CVCL_1097,heldout_molecules,lasso_baseline_avalon,lasso,avalon,L2,5.7827305602326335,0.002253298086368287,0.017493730750176743,0.31264717768403216,0.4059514663458581,benchmark/benchmark/submissions_tahoe_lfc_heldout_molecules_fresh/expression/pert_prediction_tahoe_regression/CVCL_1097.heldout_molecules/2026-05-26T00-48-39.092518.json
CVCL_1097,heldout_molecules,lasso_baseline_boltz_affinity_pred_value_fragment,lasso,boltz_affinity_pred_value_fragment,L2,5.751703026555713,0.0022423776206255287,0.017436306154741493,0.3155258582482323,0.4188596385951301,benchmark/benchmark/submissions_tahoe_lfc_heldout_molecules_fresh/expression/pert_prediction_tahoe_regression/CVCL_1097.heldout_molecules/2026-05-26T00-48-24.941174.json
CVCL_1097,heldout_molecules,lasso_baseline_boltz_affinity_pred_value_protein,lasso,boltz_affinity_pred_value_protein,L2,5.753484849560116,0.002244460557785792,0.017449679992647602,0.314119284460677,0.41720827001151717,benchmark/benchmark/submissions_tahoe_lfc_heldout_molecules_fresh/expression/pert_prediction_tahoe_regression/CVCL_1097.heldout_molecules/2026-05-26T00-48-25.059592.json
CVCL_1097,heldout_molecules,lasso_baseline_chatgpt,lasso,chatgpt,L2,5.755706101015745,0.002230381096661487,0.017422984962475224,0.3157930546443222,0.41696019339734763,benchmark/benchmark/submissions_tahoe_lfc_heldout_molecules_fresh/expression/pert_prediction_tahoe_regression/CVCL_1097.heldout_molecules/2026-05-26T00-47-51.831561.json
CVCL_1097,heldout_molecules,lasso_baseline_ecfp:2,lasso,ecfp:2,L2,5.803837502649411,0.002278512386864294,0.017525687307442403,0.3110537195307483,0.40066139069620493,benchmark/benchmark/submissions_tahoe_lfc_heldout_molecules_fresh/expression/pert_prediction_tahoe_regression/CVCL_1097.heldout_molecules/2026-05-26T00-48-40.154554.json
CVCL_1097,heldout_molecules,lasso_baseline_erg,lasso,erg,L2,5.779806857953046,0.002260675146141696,0.017488646029598813,0.3118673507517763,0.40827436357501545,benchmark/benchmark/submissions_tahoe_lfc_heldout_molecules_fresh/expression/pert_prediction_tahoe_regression/CVCL_1097.heldout_molecules/2026-05-26T00-48-31.796407.json
CVCL_1097,heldout_molecules,lasso_baseline_maccs,lasso,maccs,L2,5.794517733436753,0.002274059475084188,0.017508611915858577,0.3111749844666475,0.403998846605719,benchmark/benchmark/submissions_tahoe_lfc_heldout_molecules_fresh/expression/pert_prediction_tahoe_regression/CVCL_1097.heldout_molecules/2026-05-26T00-47-56.045348.json
CVCL_1097,heldout_molecules,lasso_baseline_morgan_initialized_lpm,lasso,morgan_initialized_lpm,L2,5.897062698861767,0.0022748646336824834,0.017581639762128207,0.31592724487679386,0.38318544201121624,benchmark/benchmark/submissions_tahoe_lfc_heldout_molecules_fresh/expression/pert_prediction_tahoe_regression/CVCL_1097.heldout_molecules/2026-05-26T00-47-36.574114.json
CVCL_1097,heldout_molecules,lasso_baseline_pca,lasso,pca,L2,2.6542550906931797,0.0005041068821459553,0.009629198570287859,0.6569997384424613,0.8959827160890379,benchmark/benchmark/submissions_tahoe_lfc_heldout_molecules_fresh/expression/pert_prediction_tahoe_regression/CVCL_1097.heldout_molecules/2026-05-26T00-47-48.901107.json
CVCL_1097,heldout_molecules,lasso_baseline_random,lasso,random,L2,5.80204285941081,0.00227911014618019,0.017517299583159566,0.31094663737355716,0.40126158892415115,benchmark/benchmark/submissions_tahoe_lfc_heldout_molecules_fresh/expression/pert_prediction_tahoe_regression/CVCL_1097.heldout_molecules/2026-05-26T00-47-35.883772.json
CVCL_1097,heldout_molecules,lasso_baseline_secfp,lasso,secfp,L2,5.790150932096485,0.0022680120470050004,0.01750294383502904,0.3115535461373713,0.4054004236866073,benchmark/benchmark/submissions_tahoe_lfc_heldout_molecules_fresh/expression/pert_prediction_tahoe_regression/CVCL_1097.heldout_molecules/2026-05-26T00-48-26.028262.json
CVCL_1097,heldout_molecules,lasso_baseline_topological,lasso,topological,L2,5.791942680951349,0.002268143503844168,0.01750826302895553,0.31155362889020055,0.40452353680037173,benchmark/benchmark/submissions_tahoe_lfc_heldout_molecules_fresh/expression/pert_prediction_tahoe_regression/CVCL_1097.heldout_molecules/2026-05-26T00-48-00.289667.json
CVCL_1097,heldout_molecules,lasso_baseline_unimol2-570m-H,lasso,unimol2-570m-H,L2,5.800269850820068,0.0022775506870546655,0.017515815574592895,0.31096070255534214,0.4017269696602555,benchmark/benchmark/submissions_tahoe_lfc_heldout_molecules_fresh/expression/pert_prediction_tahoe_regression/CVCL_1097.heldout_molecules/2026-05-26T00-48-42.833647.json
CVCL_1098,heldout_molecules,knn_baseline_ChemBERTa-77M-MLM,knn,ChemBERTa-77M-MLM,L2,5.724773477531948,0.002045762663085621,0.01817393334535309,0.29351846278448507,0.41137138906750176,benchmark/benchmark/submissions_tahoe_lfc_heldout_molecules_fresh/expression/pert_prediction_tahoe_regression/CVCL_1098.heldout_molecules/2026-05-26T00-48-55.836680.json
CVCL_1098,heldout_molecules,knn_baseline_ChemBERTa-77M-MTR,knn,ChemBERTa-77M-MTR,L2,5.65034933374551,0.002017650332718857,0.01794784953394739,0.3108923798048793,0.4351163068576081,benchmark/benchmark/submissions_tahoe_lfc_heldout_molecules_fresh/expression/pert_prediction_tahoe_regression/CVCL_1098.heldout_molecules/2026-05-26T00-48-55.789847.json
CVCL_1098,heldout_molecules,knn_baseline_MiniMol,knn,MiniMol,L2,5.594034692655798,0.001979659977863458,0.01777545801203208,0.3266884760974275,0.4525694862282937,benchmark/benchmark/submissions_tahoe_lfc_heldout_molecules_fresh/expression/pert_prediction_tahoe_regression/CVCL_1098.heldout_molecules/2026-05-26T00-49-13.513356.json
CVCL_1098,heldout_molecules,knn_baseline_MolT5,knn,MolT5,L2,5.693912341462102,0.002033685021094727,0.018077991528710882,0.3011773169677665,0.4215364868700184,benchmark/benchmark/submissions_tahoe_lfc_heldout_molecules_fresh/expression/pert_prediction_tahoe_regression/CVCL_1098.heldout_molecules/2026-05-26T00-49-44.372879.json
CVCL_1098,heldout_molecules,knn_baseline_avalon,knn,avalon,L2,5.636869254532271,0.002030210959593897,0.017915108973000065,0.31239697680171635,0.4388869590444103,benchmark/benchmark/submissions_tahoe_lfc_heldout_molecules_fresh/expression/pert_prediction_tahoe_regression/CVCL_1098.heldout_molecules/2026-05-26T00-49-45.787311.json
CVCL_1098,heldout_molecules,knn_baseline_boltz_affinity_pred_value_fragment,knn,boltz_affinity_pred_value_fragment,L2,5.621273429378973,0.0019988523229692084,0.017846357198941332,0.32246373441859644,0.44558995264739787,benchmark/benchmark/submissions_tahoe_lfc_heldout_molecules_fresh/expression/pert_prediction_tahoe_regression/CVCL_1098.heldout_molecules/2026-05-26T00-49-16.552347.json
CVCL_1098,heldout_molecules,knn_baseline_boltz_affinity_pred_value_protein,knn,boltz_affinity_pred_value_protein,L2,5.63609054295831,0.0020130336402225655,0.017898168077613567,0.31797089655950567,0.44134396878801074,benchmark/benchmark/submissions_tahoe_lfc_heldout_molecules_fresh/expression/pert_prediction_tahoe_regression/CVCL_1098.heldout_molecules/2026-05-26T00-49-19.325314.json
CVCL_1098,heldout_molecules,knn_baseline_chatgpt,knn,chatgpt,L2,5.6762489412981925,0.0020100255087015808,0.018102615247674776,0.2964896975678763,0.4271306043791027,benchmark/benchmark/submissions_tahoe_lfc_heldout_molecules_fresh/expression/pert_prediction_tahoe_regression/CVCL_1098.heldout_molecules/2026-05-26T00-49-01.388912.json
CVCL_1098,heldout_molecules,knn_baseline_ecfp:2,knn,ecfp:2,L2,5.635714184808732,0.002029502259859543,0.017900419194282712,0.31525475862775443,0.4398071055319162,benchmark/benchmark/submissions_tahoe_lfc_heldout_molecules_fresh/expression/pert_prediction_tahoe_regression/CVCL_1098.heldout_molecules/2026-05-26T00-49-50.794931.json
CVCL_1098,heldout_molecules,knn_baseline_erg,knn,erg,L2,5.644236033987602,0.0020216573424308116,0.017927712133656903,0.3120957124500824,0.43548733942782236,benchmark/benchmark/submissions_tahoe_lfc_heldout_molecules_fresh/expression/pert_prediction_tahoe_regression/CVCL_1098.heldout_molecules/2026-05-26T00-49-44.150333.json
CVCL_1098,heldout_molecules,knn_baseline_maccs,knn,maccs,L2,5.641482471944662,0.0020182362850215134,0.01790273673186758,0.31627211467932975,0.43828263912051874,benchmark/benchmark/submissions_tahoe_lfc_heldout_molecules_fresh/expression/pert_prediction_tahoe_regression/CVCL_1098.heldout_molecules/2026-05-26T00-49-01.246962.json
CVCL_1098,heldout_molecules,knn_baseline_morgan_initialized_lpm,knn,morgan_initialized_lpm,L2,5.6653974749064915,0.002055930545155027,0.017963369590520566,0.30878545519696254,0.4232222539502983,benchmark/benchmark/submissions_tahoe_lfc_heldout_molecules_fresh/expression/pert_prediction_tahoe_regression/CVCL_1098.heldout_molecules/2026-05-26T00-48-31.363596.json
CVCL_1098,heldout_molecules,knn_baseline_pca,knn,pca,L2,4.121854197778704,0.0012184910147924092,0.013502307250133065,0.5930754757549513,0.7632253335569414,benchmark/benchmark/submissions_tahoe_lfc_heldout_molecules_fresh/expression/pert_prediction_tahoe_regression/CVCL_1098.heldout_molecules/2026-05-26T00-48-55.082005.json
CVCL_1098,heldout_molecules,knn_baseline_random,knn,random,L2,5.671085588383013,0.0020343626085177896,0.01803902405962069,0.29955164007173707,0.42743949095389705,benchmark/benchmark/submissions_tahoe_lfc_heldout_molecules_fresh/expression/pert_prediction_tahoe_regression/CVCL_1098.heldout_molecules/2026-05-26T00-48-55.344504.json
CVCL_1098,heldout_molecules,knn_baseline_secfp,knn,secfp,L2,5.637796449999486,0.0020481889293898787,0.01788892687054259,0.31495065325633714,0.4396554384776791,benchmark/benchmark/submissions_tahoe_lfc_heldout_molecules_fresh/expression/pert_prediction_tahoe_regression/CVCL_1098.heldout_molecules/2026-05-26T00-49-45.519753.json
CVCL_1098,heldout_molecules,knn_baseline_topological,knn,topological,L2,5.6406945005601425,0.002031548445191532,0.017919919815239348,0.31300780519075455,0.43765452217106915,benchmark/benchmark/submissions_tahoe_lfc_heldout_molecules_fresh/expression/pert_prediction_tahoe_regression/CVCL_1098.heldout_molecules/2026-05-26T00-49-07.733696.json
CVCL_1098,heldout_molecules,knn_baseline_unimol2-570m-H,knn,unimol2-570m-H,L2,5.6738664402282,0.002027657316864563,0.01803384491929864,0.30403197435832857,0.4275047344630222,benchmark/benchmark/submissions_tahoe_lfc_heldout_molecules_fresh/expression/pert_prediction_tahoe_regression/CVCL_1098.heldout_molecules/2026-05-26T00-49-51.891687.json
CVCL_1098,heldout_molecules,lasso_baseline_ChemBERTa-77M-MLM,lasso,ChemBERTa-77M-MLM,L2,5.643004396137167,0.0020203084289976904,0.017924541372733156,0.311139949643056,0.4372701215636314,benchmark/benchmark/submissions_tahoe_lfc_heldout_molecules_fresh/expression/pert_prediction_tahoe_regression/CVCL_1098.heldout_molecules/2026-05-26T00-49-10.043227.json
CVCL_1098,heldout_molecules,lasso_baseline_ChemBERTa-77M-MTR,lasso,ChemBERTa-77M-MTR,L2,5.633998193298375,0.002015066082468856,0.017913727826166136,0.31153573060661016,0.44055511232323874,benchmark/benchmark/submissions_tahoe_lfc_heldout_molecules_fresh/expression/pert_prediction_tahoe_regression/CVCL_1098.heldout_molecules/2026-05-26T00-49-10.124282.json
CVCL_1098,heldout_molecules,lasso_baseline_MiniMol,lasso,MiniMol,L2,5.625816276200474,0.002010078584719542,0.017893212322320284,0.3127111304125271,0.44230210485142335,benchmark/benchmark/submissions_tahoe_lfc_heldout_molecules_fresh/expression/pert_prediction_tahoe_regression/CVCL_1098.heldout_molecules/2026-05-26T00-49-26.438867.json
CVCL_1098,heldout_molecules,lasso_baseline_MolT5,lasso,MolT5,L2,5.63335466138798,0.0020094129903061135,0.01790774083767123,0.3121482897302716,0.4396074031602199,benchmark/benchmark/submissions_tahoe_lfc_heldout_molecules_fresh/expression/pert_prediction_tahoe_regression/CVCL_1098.heldout_molecules/2026-05-26T00-49-55.934324.json
CVCL_1098,heldout_molecules,lasso_baseline_avalon,lasso,avalon,L2,5.641602572663594,0.0020120760204164977,0.01792182591379153,0.31181012909568995,0.43641356058409403,benchmark/benchmark/submissions_tahoe_lfc_heldout_molecules_fresh/expression/pert_prediction_tahoe_regression/CVCL_1098.heldout_molecules/2026-05-26T00-50-00.838857.json
CVCL_1098,heldout_molecules,lasso_baseline_boltz_affinity_pred_value_fragment,lasso,boltz_affinity_pred_value_fragment,L2,5.6216787143328455,0.002010116679958553,0.017866478380317265,0.31569257869299017,0.4451679022369758,benchmark/benchmark/submissions_tahoe_lfc_heldout_molecules_fresh/expression/pert_prediction_tahoe_regression/CVCL_1098.heldout_molecules/2026-05-26T00-49-31.431849.json
CVCL_1098,heldout_molecules,lasso_baseline_boltz_affinity_pred_value_protein,lasso,boltz_affinity_pred_value_protein,L2,5.623447927587278,0.002011685396486357,0.01787783459765001,0.3146016206073073,0.44411499031661034,benchmark/benchmark/submissions_tahoe_lfc_heldout_molecules_fresh/expression/pert_prediction_tahoe_regression/CVCL_1098.heldout_molecules/2026-05-26T00-49-34.773272.json
CVCL_1098,heldout_molecules,lasso_baseline_chatgpt,lasso,chatgpt,L2,5.604467764685497,0.0019957170992075464,0.01785392284230335,0.31472817214622273,0.4478911253265081,benchmark/benchmark/submissions_tahoe_lfc_heldout_molecules_fresh/expression/pert_prediction_tahoe_regression/CVCL_1098.heldout_molecules/2026-05-26T00-49-14.027886.json
CVCL_1098,heldout_molecules,lasso_baseline_ecfp:2,lasso,ecfp:2,L2,5.648350778678321,0.002025136758068537,0.01793589144835474,0.3106977341323593,0.43550976491109517,benchmark/benchmark/submissions_tahoe_lfc_heldout_molecules_fresh/expression/pert_prediction_tahoe_regression/CVCL_1098.heldout_molecules/2026-05-26T00-50-03.175178.json
CVCL_1098,heldout_molecules,lasso_baseline_erg,lasso,erg,L2,5.644063443089763,0.0020234915852692477,0.01792682765579287,0.3109428451583137,0.43700047496149935,benchmark/benchmark/submissions_tahoe_lfc_heldout_molecules_fresh/expression/pert_prediction_tahoe_regression/CVCL_1098.heldout_molecules/2026-05-26T00-49-59.015509.json
CVCL_1098,heldout_molecules,lasso_baseline_maccs,lasso,maccs,L2,5.641857263880428,0.0020208874100508816,0.017924548993160466,0.3110686543954099,0.4378564156514837,benchmark/benchmark/submissions_tahoe_lfc_heldout_molecules_fresh/expression/pert_prediction_tahoe_regression/CVCL_1098.heldout_molecules/2026-05-26T00-49-16.784866.json
CVCL_1098,heldout_molecules,lasso_baseline_morgan_initialized_lpm,lasso,morgan_initialized_lpm,L2,5.704211417688001,0.0020212801751163965,0.017974204990904245,0.3131102957740558,0.41953586516761376,benchmark/benchmark/submissions_tahoe_lfc_heldout_molecules_fresh/expression/pert_prediction_tahoe_regression/CVCL_1098.heldout_molecules/2026-05-26T00-48-47.018675.json
CVCL_1098,heldout_molecules,lasso_baseline_pca,lasso,pca,L2,2.9633171539489545,0.0005645020255919308,0.01105071696425788,0.6273702806093916,0.8666766996009567,benchmark/benchmark/submissions_tahoe_lfc_heldout_molecules_fresh/expression/pert_prediction_tahoe_regression/CVCL_1098.heldout_molecules/2026-05-26T00-49-15.433363.json
CVCL_1098,heldout_molecules,lasso_baseline_random,lasso,random,L2,5.644063443089763,0.0020234915852692477,0.01792682765579287,0.3109428451583137,0.43700047496149935,benchmark/benchmark/submissions_tahoe_lfc_heldout_molecules_fresh/expression/pert_prediction_tahoe_regression/CVCL_1098.heldout_molecules/2026-05-26T00-49-09.216818.json
CVCL_1098,heldout_molecules,lasso_baseline_secfp,lasso,secfp,L2,5.6370748269075275,0.0020163445951338426,0.017917988722043813,0.3113768548688802,0.4393392399335422,benchmark/benchmark/submissions_tahoe_lfc_heldout_molecules_fresh/expression/pert_prediction_tahoe_regression/CVCL_1098.heldout_molecules/2026-05-26T00-49-59.981625.json
CVCL_1098,heldout_molecules,lasso_baseline_topological,lasso,topological,L2,5.644063443089763,0.0020234915852692477,0.01792682765579287,0.3109428451583137,0.43700047496149935,benchmark/benchmark/submissions_tahoe_lfc_heldout_molecules_fresh/expression/pert_prediction_tahoe_regression/CVCL_1098.heldout_molecules/2026-05-26T00-49-23.515606.json
CVCL_1098,heldout_molecules,lasso_baseline_unimol2-570m-H,lasso,unimol2-570m-H,L2,5.644022929575905,0.0020232922959038248,0.017927033556014216,0.3109454277930211,0.4369480742005828,benchmark/benchmark/submissions_tahoe_lfc_heldout_molecules_fresh/expression/pert_prediction_tahoe_regression/CVCL_1098.heldout_molecules/2026-05-26T00-50-04.234061.json
CVCL_1119,heldout_molecules,knn_baseline_ChemBERTa-77M-MLM,knn,ChemBERTa-77M-MLM,L2,5.696443438170416,0.0020946820996298717,0.017426832500021833,0.30616788190128075,0.4050321343414292,benchmark/benchmark/submissions_tahoe_lfc_heldout_molecules_fresh/expression/pert_prediction_tahoe_regression/CVCL_1119.heldout_molecules/2026-05-26T00-50-32.936856.json
CVCL_1119,heldout_molecules,knn_baseline_ChemBERTa-77M-MTR,knn,ChemBERTa-77M-MTR,L2,5.609523060782718,0.0020698100680038726,0.01714521952628106,0.32815551743909976,0.43637593303099453,benchmark/benchmark/submissions_tahoe_lfc_heldout_molecules_fresh/expression/pert_prediction_tahoe_regression/CVCL_1119.heldout_molecules/2026-05-26T00-50-06.252120.json
CVCL_1119,heldout_molecules,knn_baseline_MiniMol,knn,MiniMol,L2,5.54724063955148,0.0020156049969019337,0.017006113021732064,0.3397434732090719,0.4556057314107278,benchmark/benchmark/submissions_tahoe_lfc_heldout_molecules_fresh/expression/pert_prediction_tahoe_regression/CVCL_1119.heldout_molecules/2026-05-26T00-50-39.202908.json
CVCL_1119,heldout_molecules,knn_baseline_MolT5,knn,MolT5,L2,5.6547563716092455,0.002073756673219914,0.017291221231824076,0.31809353758277453,0.4209098400831114,benchmark/benchmark/submissions_tahoe_lfc_heldout_molecules_fresh/expression/pert_prediction_tahoe_regression/CVCL_1119.heldout_molecules/2026-05-26T00-50-55.078469.json
CVCL_1119,heldout_molecules,knn_baseline_avalon,knn,avalon,L2,5.584612414706129,0.0020743447343941376,0.017062164242793863,0.3344689535954389,0.44431705750886497,benchmark/benchmark/submissions_tahoe_lfc_heldout_molecules_fresh/expression/pert_prediction_tahoe_regression/CVCL_1119.heldout_molecules/2026-05-26T00-51-18.831081.json
CVCL_1119,heldout_molecules,knn_baseline_boltz_affinity_pred_value_fragment,knn,boltz_affinity_pred_value_fragment,L2,5.561281931999957,0.002032279238398997,0.01701911428280352,0.3408527188073192,0.45462956715810393,benchmark/benchmark/submissions_tahoe_lfc_heldout_molecules_fresh/expression/pert_prediction_tahoe_regression/CVCL_1119.heldout_molecules/2026-05-26T00-50-39.729354.json
CVCL_1119,heldout_molecules,knn_baseline_boltz_affinity_pred_value_protein,knn,boltz_affinity_pred_value_protein,L2,5.58183763446385,0.0020464099768524764,0.01707909530544905,0.3356130169515002,0.44763489947872376,benchmark/benchmark/submissions_tahoe_lfc_heldout_molecules_fresh/expression/pert_prediction_tahoe_regression/CVCL_1119.heldout_molecules/2026-05-26T00-50-45.017735.json
CVCL_1119,heldout_molecules,knn_baseline_chatgpt,knn,chatgpt,L2,5.62505915656882,0.002023477633182648,0.017282472630446886,0.3183699765902882,0.4295507382534061,benchmark/benchmark/submissions_tahoe_lfc_heldout_molecules_fresh/expression/pert_prediction_tahoe_regression/CVCL_1119.heldout_molecules/2026-05-26T00-50-33.284683.json
CVCL_1119,heldout_molecules,knn_baseline_ecfp:2,knn,ecfp:2,L2,5.569531066992067,0.0020602000508450837,0.017037223687153037,0.3368990539213597,0.44913281891286805,benchmark/benchmark/submissions_tahoe_lfc_heldout_molecules_fresh/expression/pert_prediction_tahoe_regression/CVCL_1119.heldout_molecules/2026-05-26T00-51-18.303796.json
CVCL_1119,heldout_molecules,knn_baseline_erg,knn,erg,L2,5.593357953660512,0.002064184124147704,0.01711040682692675,0.33116939214940644,0.4432458404454195,benchmark/benchmark/submissions_tahoe_lfc_heldout_molecules_fresh/expression/pert_prediction_tahoe_regression/CVCL_1119.heldout_molecules/2026-05-26T00-50-53.792048.json
CVCL_1119,heldout_molecules,knn_baseline_maccs,knn,maccs,L2,5.599176121034672,0.0020674193697172963,0.017129437883422614,0.3313650888462629,0.44070210872768056,benchmark/benchmark/submissions_tahoe_lfc_heldout_molecules_fresh/expression/pert_prediction_tahoe_regression/CVCL_1119.heldout_molecules/2026-05-26T00-50-32.956050.json
CVCL_1119,heldout_molecules,knn_baseline_morgan_initialized_lpm,knn,morgan_initialized_lpm,L2,5.609502915885076,0.002096499459976569,0.017124158823636354,0.3268840123590696,0.4299982868469476,benchmark/benchmark/submissions_tahoe_lfc_heldout_molecules_fresh/expression/pert_prediction_tahoe_regression/CVCL_1119.heldout_molecules/2026-05-26T00-49-55.622038.json
CVCL_1119,heldout_molecules,knn_baseline_pca,knn,pca,L2,3.864664521536654,0.0011644590462589223,0.012142893937760496,0.6293865167145565,0.7931198589498796,benchmark/benchmark/submissions_tahoe_lfc_heldout_molecules_fresh/expression/pert_prediction_tahoe_regression/CVCL_1119.heldout_molecules/2026-05-26T00-50-04.345259.json
CVCL_1119,heldout_molecules,knn_baseline_random,knn,random,L2,5.66656349490687,0.002098617075180997,0.017354100146846626,0.3119667536866015,0.4169550405263534,benchmark/benchmark/submissions_tahoe_lfc_heldout_molecules_fresh/expression/pert_prediction_tahoe_regression/CVCL_1119.heldout_molecules/2026-05-26T00-50-00.731971.json
CVCL_1119,heldout_molecules,knn_baseline_secfp,knn,secfp,L2,5.586646617592024,0.0020939169231350926,0.017072478730433095,0.3341816952802999,0.4475137384449335,benchmark/benchmark/submissions_tahoe_lfc_heldout_molecules_fresh/expression/pert_prediction_tahoe_regression/CVCL_1119.heldout_molecules/2026-05-26T00-50-52.390710.json
CVCL_1119,heldout_molecules,knn_baseline_topological,knn,topological,L2,5.592080010835249,0.0020785574143274478,0.01710335762563784,0.3319163780997613,0.4431493527261478,benchmark/benchmark/submissions_tahoe_lfc_heldout_molecules_fresh/expression/pert_prediction_tahoe_regression/CVCL_1119.heldout_molecules/2026-05-26T00-50-34.734584.json
CVCL_1119,heldout_molecules,knn_baseline_unimol2-570m-H,knn,unimol2-570m-H,L2,5.626386936188064,0.00206684249664913,0.01723838990452576,0.32079617546044986,0.4301540612656516,benchmark/benchmark/submissions_tahoe_lfc_heldout_molecules_fresh/expression/pert_prediction_tahoe_regression/CVCL_1119.heldout_molecules/2026-05-26T00-51-18.186402.json
CVCL_1119,heldout_molecules,lasso_baseline_ChemBERTa-77M-MLM,lasso,ChemBERTa-77M-MLM,L2,5.594701671267653,0.002059962618766385,0.01711076880961035,0.3289017864116832,0.43969755836526075,benchmark/benchmark/submissions_tahoe_lfc_heldout_molecules_fresh/expression/pert_prediction_tahoe_regression/CVCL_1119.heldout_molecules/2026-05-26T00-50-47.910467.json
CVCL_1119,heldout_molecules,lasso_baseline_ChemBERTa-77M-MTR,lasso,ChemBERTa-77M-MTR,L2,5.586904388301989,0.002056388274587951,0.017101194025504467,0.329203174746471,0.4430928504259557,benchmark/benchmark/submissions_tahoe_lfc_heldout_molecules_fresh/expression/pert_prediction_tahoe_regression/CVCL_1119.heldout_molecules/2026-05-26T00-50-21.027484.json
CVCL_1119,heldout_molecules,lasso_baseline_MiniMol,lasso,MiniMol,L2,5.57543427316285,0.0020490575784731365,0.017078070644475543,0.3301228073549007,0.445936406258899,benchmark/benchmark/submissions_tahoe_lfc_heldout_molecules_fresh/expression/pert_prediction_tahoe_regression/CVCL_1119.heldout_molecules/2026-05-26T00-50-51.384972.json
CVCL_1119,heldout_molecules,lasso_baseline_MolT5,lasso,MolT5,L2,5.5951274045438835,0.002056287762413497,0.017112693237147477,0.3293408904864973,0.4385605424523766,benchmark/benchmark/submissions_tahoe_lfc_heldout_molecules_fresh/expression/pert_prediction_tahoe_regression/CVCL_1119.heldout_molecules/2026-05-26T00-51-08.538142.json
CVCL_1119,heldout_molecules,lasso_baseline_avalon,lasso,avalon,L2,5.59921725275233,0.0020651137392582856,0.017118708415491745,0.32853493982105675,0.4382800329442645,benchmark/benchmark/submissions_tahoe_lfc_heldout_molecules_fresh/expression/pert_prediction_tahoe_regression/CVCL_1119.heldout_molecules/2026-05-26T00-51-33.981486.json
CVCL_1119,heldout_molecules,lasso_baseline_boltz_affinity_pred_value_fragment,lasso,boltz_affinity_pred_value_fragment,L2,5.570440623603123,0.0020476299274188054,0.017055758034746585,0.33262983659718576,0.4497115753478243,benchmark/benchmark/submissions_tahoe_lfc_heldout_molecules_fresh/expression/pert_prediction_tahoe_regression/CVCL_1119.heldout_molecules/2026-05-26T00-50-56.841724.json
CVCL_1119,heldout_molecules,lasso_baseline_boltz_affinity_pred_value_protein,lasso,boltz_affinity_pred_value_protein,L2,5.5749807207195365,0.0020504874862583896,0.017065948951892763,0.3314553008197149,0.44728740253725746,benchmark/benchmark/submissions_tahoe_lfc_heldout_molecules_fresh/expression/pert_prediction_tahoe_regression/CVCL_1119.heldout_molecules/2026-05-26T00-51-01.408172.json
CVCL_1119,heldout_molecules,lasso_baseline_chatgpt,lasso,chatgpt,L2,5.555314854129272,0.0020298448535172884,0.017035001418338795,0.3323051085338167,0.45120403328385844,benchmark/benchmark/submissions_tahoe_lfc_heldout_molecules_fresh/expression/pert_prediction_tahoe_regression/CVCL_1119.heldout_molecules/2026-05-26T00-50-44.787106.json
CVCL_1119,heldout_molecules,lasso_baseline_ecfp:2,lasso,ecfp:2,L2,5.603992763016963,0.0020673110280825914,0.017125769728213506,0.32862338127568363,0.43696148612164554,benchmark/benchmark/submissions_tahoe_lfc_heldout_molecules_fresh/expression/pert_prediction_tahoe_regression/CVCL_1119.heldout_molecules/2026-05-26T00-51-29.218859.json
CVCL_1119,heldout_molecules,lasso_baseline_erg,lasso,erg,L2,5.59921725275233,0.0020651137392582856,0.017118708415491745,0.32853493982105675,0.4382800329442645,benchmark/benchmark/submissions_tahoe_lfc_heldout_molecules_fresh/expression/pert_prediction_tahoe_regression/CVCL_1119.heldout_molecules/2026-05-26T00-51-08.761064.json
CVCL_1119,heldout_molecules,lasso_baseline_maccs,lasso,maccs,L2,5.594912311031532,0.0020621214165320915,0.017112475770594073,0.328725570046388,0.4399662059222601,benchmark/benchmark/submissions_tahoe_lfc_heldout_molecules_fresh/expression/pert_prediction_tahoe_regression/CVCL_1119.heldout_molecules/2026-05-26T00-50-47.262499.json
CVCL_1119,heldout_molecules,lasso_baseline_morgan_initialized_lpm,lasso,morgan_initialized_lpm,L2,5.69965983134912,0.0020977859711550978,0.01724110659039332,0.3286306762465253,0.4114117887145822,benchmark/benchmark/submissions_tahoe_lfc_heldout_molecules_fresh/expression/pert_prediction_tahoe_regression/CVCL_1119.heldout_molecules/2026-05-26T00-50-12.288217.json
CVCL_1119,heldout_molecules,lasso_baseline_pca,lasso,pca,L2,2.497196633110479,0.0004697345902443405,0.009013292186301954,0.6854555739480016,0.9060987920534647,benchmark/benchmark/submissions_tahoe_lfc_heldout_molecules_fresh/expression/pert_prediction_tahoe_regression/CVCL_1119.heldout_molecules/2026-05-26T00-50-24.296015.json
CVCL_1119,heldout_molecules,lasso_baseline_random,lasso,random,L2,5.59921725275233,0.0020651137392582856,0.017118708415491745,0.32853493982105675,0.4382800329442645,benchmark/benchmark/submissions_tahoe_lfc_heldout_molecules_fresh/expression/pert_prediction_tahoe_regression/CVCL_1119.heldout_molecules/2026-05-26T00-50-15.707084.json
CVCL_1119,heldout_molecules,lasso_baseline_secfp,lasso,secfp,L2,5.594697255410258,0.0020625555197471995,0.01711137912695241,0.32912994603177387,0.4400232804241195,benchmark/benchmark/submissions_tahoe_lfc_heldout_molecules_fresh/expression/pert_prediction_tahoe_regression/CVCL_1119.heldout_molecules/2026-05-26T00-51-06.984316.json
CVCL_1119,heldout_molecules,lasso_baseline_topological,lasso,topological,L2,5.597384490517006,0.0020619835045565084,0.017115607029602138,0.32899565929782515,0.43892654459809866,benchmark/benchmark/submissions_tahoe_lfc_heldout_molecules_fresh/expression/pert_prediction_tahoe_regression/CVCL_1119.heldout_molecules/2026-05-26T00-50-48.829510.json
CVCL_1119,heldout_molecules,lasso_baseline_unimol2-570m-H,lasso,unimol2-570m-H,L2,5.599301243266076,0.0020651095953780722,0.017118783739055805,0.3285351154120119,0.43821740758229905,benchmark/benchmark/submissions_tahoe_lfc_heldout_molecules_fresh/expression/pert_prediction_tahoe_regression/CVCL_1119.heldout_molecules/2026-05-26T00-51-29.338647.json
CVCL_1125,heldout_molecules,knn_baseline_ChemBERTa-77M-MLM,knn,ChemBERTa-77M-MLM,L2,6.478024600169539,0.00255111716176797,0.022933769582831283,0.2501796701696005,0.3687629605733607,benchmark/benchmark/submissions_tahoe_lfc_heldout_molecules_fresh/expression/pert_prediction_tahoe_regression/CVCL_1125.heldout_molecules/2026-05-26T00-51-33.976873.json
CVCL_1125,heldout_molecules,knn_baseline_ChemBERTa-77M-MTR,knn,ChemBERTa-77M-MTR,L2,6.395036976500099,0.002524729629247239,0.022524018046566768,0.27243339347856876,0.39495920960275926,benchmark/benchmark/submissions_tahoe_lfc_heldout_molecules_fresh/expression/pert_prediction_tahoe_regression/CVCL_1125.heldout_molecules/2026-05-26T00-51-28.083247.json
CVCL_1125,heldout_molecules,knn_baseline_MiniMol,knn,MiniMol,L2,6.317195773520021,0.0024684738585580845,0.02220234718569623,0.2952157004963577,0.41725412546068563,benchmark/benchmark/submissions_tahoe_lfc_heldout_molecules_fresh/expression/pert_prediction_tahoe_regression/CVCL_1125.heldout_molecules/2026-05-26T00-52-03.148856.json
CVCL_1125,heldout_molecules,knn_baseline_MolT5,knn,MolT5,L2,6.4336976156577865,0.0025340465495098576,0.022708354788311284,0.26428254730417533,0.3835631388311011,benchmark/benchmark/submissions_tahoe_lfc_heldout_molecules_fresh/expression/pert_prediction_tahoe_regression/CVCL_1125.heldout_molecules/2026-05-26T00-52-15.490981.json
CVCL_1125,heldout_molecules,knn_baseline_avalon,knn,avalon,L2,6.346790222710031,0.0025374879108721257,0.02225818470763333,0.2909577632959446,0.4123694165946816,benchmark/benchmark/submissions_tahoe_lfc_heldout_molecules_fresh/expression/pert_prediction_tahoe_regression/CVCL_1125.heldout_molecules/2026-05-26T00-52-22.095319.json
CVCL_1125,heldout_molecules,knn_baseline_boltz_affinity_pred_value_fragment,knn,boltz_affinity_pred_value_fragment,L2,6.35648656980124,0.0025056090325716656,0.02234162062878638,0.29256521492523935,0.4117616007630033,benchmark/benchmark/submissions_tahoe_lfc_heldout_molecules_fresh/expression/pert_prediction_tahoe_regression/CVCL_1125.heldout_molecules/2026-05-26T00-52-03.878332.json
CVCL_1125,heldout_molecules,knn_baseline_boltz_affinity_pred_value_protein,knn,boltz_affinity_pred_value_protein,L2,6.36943263843042,0.0025180121861051626,0.02238932292456483,0.28773369280998085,0.4071902705945528,benchmark/benchmark/submissions_tahoe_lfc_heldout_molecules_fresh/expression/pert_prediction_tahoe_regression/CVCL_1125.heldout_molecules/2026-05-26T00-52-03.343384.json
CVCL_1125,heldout_molecules,knn_baseline_chatgpt,knn,chatgpt,L2,6.4646060314038305,0.0025168520010355596,0.022983467890994064,0.2532723749814923,0.37604999049966603,benchmark/benchmark/submissions_tahoe_lfc_heldout_molecules_fresh/expression/pert_prediction_tahoe_regression/CVCL_1125.heldout_molecules/2026-05-26T00-51-35.538086.json
CVCL_1125,heldout_molecules,knn_baseline_ecfp:2,knn,ecfp:2,L2,6.3593405027577115,0.0025282804708181995,0.022357840420650022,0.2841342291796964,0.40808860364818117,benchmark/benchmark/submissions_tahoe_lfc_heldout_molecules_fresh/expression/pert_prediction_tahoe_regression/CVCL_1125.heldout_molecules/2026-05-26T00-52-25.601970.json
CVCL_1125,heldout_molecules,knn_baseline_erg,knn,erg,L2,6.364835407208583,0.0025161984663633966,0.02240250113899105,0.28176350363763414,0.4056048886364114,benchmark/benchmark/submissions_tahoe_lfc_heldout_molecules_fresh/expression/pert_prediction_tahoe_regression/CVCL_1125.heldout_molecules/2026-05-26T00-52-09.808220.json
CVCL_1125,heldout_molecules,knn_baseline_maccs,knn,maccs,L2,6.346235818133549,0.002503836597619851,0.02233379939737939,0.28823821032499514,0.41227346244528595,benchmark/benchmark/submissions_tahoe_lfc_heldout_molecules_fresh/expression/pert_prediction_tahoe_regression/CVCL_1125.heldout_molecules/2026-05-26T00-51-39.003842.json
CVCL_1125,heldout_molecules,knn_baseline_morgan_initialized_lpm,knn,morgan_initialized_lpm,L2,6.379358061360362,0.0025527318571347078,0.02240561290188439,0.2791798727820091,0.39684612164396116,benchmark/benchmark/submissions_tahoe_lfc_heldout_molecules_fresh/expression/pert_prediction_tahoe_regression/CVCL_1125.heldout_molecules/2026-05-26T00-51-17.013782.json
CVCL_1125,heldout_molecules,knn_baseline_pca,knn,pca,L2,4.841610076147507,0.0016187536560157035,0.017487739884089505,0.5649380964640258,0.7209143401963173,benchmark/benchmark/submissions_tahoe_lfc_heldout_molecules_fresh/expression/pert_prediction_tahoe_regression/CVCL_1125.heldout_molecules/2026-05-26T00-51-23.693431.json
CVCL_1125,heldout_molecules,knn_baseline_random,knn,random,L2,6.407421800375274,0.0025609021720576566,0.022584985606194735,0.26572821140758784,0.39028355374921064,benchmark/benchmark/submissions_tahoe_lfc_heldout_molecules_fresh/expression/pert_prediction_tahoe_regression/CVCL_1125.heldout_molecules/2026-05-26T00-51-22.799035.json
CVCL_1125,heldout_molecules,knn_baseline_secfp,knn,secfp,L2,6.379318993248567,0.0025813947619963305,0.022324065611379285,0.2861322249711017,0.40270886630886704,benchmark/benchmark/submissions_tahoe_lfc_heldout_molecules_fresh/expression/pert_prediction_tahoe_regression/CVCL_1125.heldout_molecules/2026-05-26T00-52-10.596510.json
CVCL_1125,heldout_molecules,knn_baseline_topological,knn,topological,L2,6.373506652826497,0.0025569225353376424,0.022340562994994383,0.28550688174883115,0.4034695639849306,benchmark/benchmark/submissions_tahoe_lfc_heldout_molecules_fresh/expression/pert_prediction_tahoe_regression/CVCL_1125.heldout_molecules/2026-05-26T00-52-04.087707.json
CVCL_1125,heldout_molecules,knn_baseline_unimol2-570m-H,knn,unimol2-570m-H,L2,6.39772859008944,0.0025284694339489525,0.022544745991674043,0.27235862525236915,0.394409520466603,benchmark/benchmark/submissions_tahoe_lfc_heldout_molecules_fresh/expression/pert_prediction_tahoe_regression/CVCL_1125.heldout_molecules/2026-05-26T00-52-25.893865.json
CVCL_1125,heldout_molecules,lasso_baseline_ChemBERTa-77M-MLM,lasso,ChemBERTa-77M-MLM,L2,6.367446246898616,0.0025213329831760946,0.02244300377316614,0.275616324832149,0.4043510206840395,benchmark/benchmark/submissions_tahoe_lfc_heldout_molecules_fresh/expression/pert_prediction_tahoe_regression/CVCL_1125.heldout_molecules/2026-05-26T00-51-50.351251.json
CVCL_1125,heldout_molecules,lasso_baseline_ChemBERTa-77M-MTR,lasso,ChemBERTa-77M-MTR,L2,6.37359514129541,0.0025297729702730147,0.022453278323926875,0.2753225132356051,0.402319007220679,benchmark/benchmark/submissions_tahoe_lfc_heldout_molecules_fresh/expression/pert_prediction_tahoe_regression/CVCL_1125.heldout_molecules/2026-05-26T00-51-44.676039.json
CVCL_1125,heldout_molecules,lasso_baseline_MiniMol,lasso,MiniMol,L2,6.361038406790059,0.0025167406821270757,0.02242511056121745,0.2762931524296511,0.40623444354739346,benchmark/benchmark/submissions_tahoe_lfc_heldout_molecules_fresh/expression/pert_prediction_tahoe_regression/CVCL_1125.heldout_molecules/2026-05-26T00-52-14.698528.json
CVCL_1125,heldout_molecules,lasso_baseline_MolT5,lasso,MolT5,L2,6.36845026128235,0.002517544608686353,0.022435900452151998,0.2770535206175104,0.40340724333557354,benchmark/benchmark/submissions_tahoe_lfc_heldout_molecules_fresh/expression/pert_prediction_tahoe_regression/CVCL_1125.heldout_molecules/2026-05-26T00-52-29.450644.json
CVCL_1125,heldout_molecules,lasso_baseline_avalon,lasso,avalon,L2,6.351693188275231,0.0025058341334475314,0.022390595934107693,0.279012580442416,0.408258097616476,benchmark/benchmark/submissions_tahoe_lfc_heldout_molecules_fresh/expression/pert_prediction_tahoe_regression/CVCL_1125.heldout_molecules/2026-05-26T00-52-38.201301.json
CVCL_1125,heldout_molecules,lasso_baseline_boltz_affinity_pred_value_fragment,lasso,boltz_affinity_pred_value_fragment,L2,6.359976425414422,0.002517660938084683,0.022389567305740675,0.2814894603281134,0.4096295313131964,benchmark/benchmark/submissions_tahoe_lfc_heldout_molecules_fresh/expression/pert_prediction_tahoe_regression/CVCL_1125.heldout_molecules/2026-05-26T00-52-19.049325.json
CVCL_1125,heldout_molecules,lasso_baseline_boltz_affinity_pred_value_protein,lasso,boltz_affinity_pred_value_protein,L2,6.360065917332862,0.0025184238269739595,0.0223954982482696,0.27999372319238636,0.4082606041346693,benchmark/benchmark/submissions_tahoe_lfc_heldout_molecules_fresh/expression/pert_prediction_tahoe_regression/CVCL_1125.heldout_molecules/2026-05-26T00-52-18.689854.json
CVCL_1125,heldout_molecules,lasso_baseline_chatgpt,lasso,chatgpt,L2,6.312685667595183,0.0024767445523245337,0.02229470114831567,0.28194739977035665,0.41842842557942944,benchmark/benchmark/submissions_tahoe_lfc_heldout_molecules_fresh/expression/pert_prediction_tahoe_regression/CVCL_1125.heldout_molecules/2026-05-26T00-51-50.510044.json
CVCL_1125,heldout_molecules,lasso_baseline_ecfp:2,lasso,ecfp:2,L2,6.3755933112402445,0.002530127190088288,0.022455715287915637,0.27533203687807517,0.4018392178301691,benchmark/benchmark/submissions_tahoe_lfc_heldout_molecules_fresh/expression/pert_prediction_tahoe_regression/CVCL_1125.heldout_molecules/2026-05-26T00-52-37.260132.json
CVCL_1125,heldout_molecules,lasso_baseline_erg,lasso,erg,L2,6.37359514129541,0.0025297729702730147,0.022453278323926875,0.2753225132356051,0.402319007220679,benchmark/benchmark/submissions_tahoe_lfc_heldout_molecules_fresh/expression/pert_prediction_tahoe_regression/CVCL_1125.heldout_molecules/2026-05-26T00-52-26.357187.json
CVCL_1125,heldout_molecules,lasso_baseline_maccs,lasso,maccs,L2,6.367614012529653,0.0025246749315399612,0.022444062734937875,0.27557295162189355,0.40437541624523304,benchmark/benchmark/submissions_tahoe_lfc_heldout_molecules_fresh/expression/pert_prediction_tahoe_regression/CVCL_1125.heldout_molecules/2026-05-26T00-51-53.987145.json
CVCL_1125,heldout_molecules,lasso_baseline_morgan_initialized_lpm,lasso,morgan_initialized_lpm,L2,6.417879969049568,0.0025323885077763444,0.022471714494361267,0.27703416995591146,0.3889687809609189,benchmark/benchmark/submissions_tahoe_lfc_heldout_molecules_fresh/expression/pert_prediction_tahoe_regression/CVCL_1125.heldout_molecules/2026-05-26T00-51-32.819229.json
CVCL_1125,heldout_molecules,lasso_baseline_pca,lasso,pca,L2,4.00441315795584,0.001116115884797651,0.015563341351955489,0.597011355230892,0.8018796925857613,benchmark/benchmark/submissions_tahoe_lfc_heldout_molecules_fresh/expression/pert_prediction_tahoe_regression/CVCL_1125.heldout_molecules/2026-05-26T00-51-51.058627.json
CVCL_1125,heldout_molecules,lasso_baseline_random,lasso,random,L2,6.37359514129541,0.0025297729702730147,0.022453278323926875,0.2753225132356051,0.402319007220679,benchmark/benchmark/submissions_tahoe_lfc_heldout_molecules_fresh/expression/pert_prediction_tahoe_regression/CVCL_1125.heldout_molecules/2026-05-26T00-51-38.863830.json
CVCL_1125,heldout_molecules,lasso_baseline_secfp,lasso,secfp,L2,6.368801590197124,0.0025241067463078522,0.022444658928394895,0.2754458297832721,0.40437738753898855,benchmark/benchmark/submissions_tahoe_lfc_heldout_molecules_fresh/expression/pert_prediction_tahoe_regression/CVCL_1125.heldout_molecules/2026-05-26T00-52-26.706627.json
CVCL_1125,heldout_molecules,lasso_baseline_topological,lasso,topological,L2,6.371189382299013,0.0025250122536452156,0.022447903944387986,0.27541786398942103,0.4031641157761479,benchmark/benchmark/submissions_tahoe_lfc_heldout_molecules_fresh/expression/pert_prediction_tahoe_regression/CVCL_1125.heldout_molecules/2026-05-26T00-52-19.147254.json
CVCL_1125,heldout_molecules,lasso_baseline_unimol2-570m-H,lasso,unimol2-570m-H,L2,6.37351359176155,0.0025297034329972963,0.022453156906976943,0.27532271794164703,0.40234433088935156,benchmark/benchmark/submissions_tahoe_lfc_heldout_molecules_fresh/expression/pert_prediction_tahoe_regression/CVCL_1125.heldout_molecules/2026-05-26T00-52-39.487131.json
CVCL_1239,heldout_molecules,knn_baseline_ChemBERTa-77M-MLM,knn,ChemBERTa-77M-MLM,L2,6.451155628362862,0.0026135212317554613,0.021508599214102357,0.28257237688275877,0.37885138507915905,benchmark/benchmark/submissions_tahoe_lfc_heldout_molecules_fresh/expression/pert_prediction_tahoe_regression/CVCL_1239.heldout_molecules/2026-05-26T00-52-53.601187.json
CVCL_1239,heldout_molecules,knn_baseline_ChemBERTa-77M-MTR,knn,ChemBERTa-77M-MTR,L2,6.361219086474223,0.0025779658610491194,0.02118210972404631,0.3045116735951055,0.408656024695818,benchmark/benchmark/submissions_tahoe_lfc_heldout_molecules_fresh/expression/pert_prediction_tahoe_regression/CVCL_1239.heldout_molecules/2026-05-26T00-52-48.266929.json
CVCL_1239,heldout_molecules,knn_baseline_MiniMol,knn,MiniMol,L2,6.290344572240246,0.002530961872480476,0.02096150961094976,0.32471395351098903,0.433399689731151,benchmark/benchmark/submissions_tahoe_lfc_heldout_molecules_fresh/expression/pert_prediction_tahoe_regression/CVCL_1239.heldout_molecules/2026-05-26T00-53-08.201612.json
CVCL_1239,heldout_molecules,knn_baseline_MolT5,knn,MolT5,L2,6.431220444371284,0.002605049648787461,0.021420124982355446,0.29117895888838286,0.38738360293531937,benchmark/benchmark/submissions_tahoe_lfc_heldout_molecules_fresh/expression/pert_prediction_tahoe_regression/CVCL_1239.heldout_molecules/2026-05-26T00-53-37.012947.json
CVCL_1239,heldout_molecules,knn_baseline_avalon,knn,avalon,L2,6.344961920294812,0.002598302005088539,0.02108360276507425,0.31302608246785324,0.4127413374006777,benchmark/benchmark/submissions_tahoe_lfc_heldout_molecules_fresh/expression/pert_prediction_tahoe_regression/CVCL_1239.heldout_molecules/2026-05-26T00-53-44.216375.json
CVCL_1239,heldout_molecules,knn_baseline_boltz_affinity_pred_value_fragment,knn,boltz_affinity_pred_value_fragment,L2,6.339920001720634,0.0025588656123689242,0.021104397109851195,0.31592454902662476,0.418659713754998,benchmark/benchmark/submissions_tahoe_lfc_heldout_molecules_fresh/expression/pert_prediction_tahoe_regression/CVCL_1239.heldout_molecules/2026-05-26T00-53-11.464405.json
CVCL_1239,heldout_molecules,knn_baseline_boltz_affinity_pred_value_protein,knn,boltz_affinity_pred_value_protein,L2,6.349122953185692,0.002576568509291233,0.0211377577727079,0.3124791350166064,0.4144814646765677,benchmark/benchmark/submissions_tahoe_lfc_heldout_molecules_fresh/expression/pert_prediction_tahoe_regression/CVCL_1239.heldout_molecules/2026-05-26T00-53-37.061113.json
CVCL_1239,heldout_molecules,knn_baseline_chatgpt,knn,chatgpt,L2,6.393940881803263,0.0025701543973678104,0.021415187131323395,0.28897448155882804,0.39910902207602234,benchmark/benchmark/submissions_tahoe_lfc_heldout_molecules_fresh/expression/pert_prediction_tahoe_regression/CVCL_1239.heldout_molecules/2026-05-26T00-52-54.028656.json
CVCL_1239,heldout_molecules,knn_baseline_ecfp:2,knn,ecfp:2,L2,6.365860112786539,0.0026025957648244387,0.0211691316882087,0.30588017315583776,0.40577132966871027,benchmark/benchmark/submissions_tahoe_lfc_heldout_molecules_fresh/expression/pert_prediction_tahoe_regression/CVCL_1239.heldout_molecules/2026-05-26T00-53-43.838599.json
CVCL_1239,heldout_molecules,knn_baseline_erg,knn,erg,L2,6.367165496268461,0.002594775240761188,0.021198784127025354,0.3072742109176553,0.40611724977864433,benchmark/benchmark/submissions_tahoe_lfc_heldout_molecules_fresh/expression/pert_prediction_tahoe_regression/CVCL_1239.heldout_molecules/2026-05-26T00-53-36.790275.json
CVCL_1239,heldout_molecules,knn_baseline_maccs,knn,maccs,L2,6.372438544046243,0.0025850154201849202,0.02119274368839214,0.3066662066503554,0.4035920319867604,benchmark/benchmark/submissions_tahoe_lfc_heldout_molecules_fresh/expression/pert_prediction_tahoe_regression/CVCL_1239.heldout_molecules/2026-05-26T00-52-58.492781.json
CVCL_1239,heldout_molecules,knn_baseline_morgan_initialized_lpm,knn,morgan_initialized_lpm,L2,6.3659580776623805,0.002621158806630158,0.021154108525975723,0.3081967718090906,0.40252141269739194,benchmark/benchmark/submissions_tahoe_lfc_heldout_molecules_fresh/expression/pert_prediction_tahoe_regression/CVCL_1239.heldout_molecules/2026-05-26T00-52-47.791150.json
CVCL_1239,heldout_molecules,knn_baseline_pca,knn,pca,L2,4.468631164578579,0.001516527801580634,0.015437679397092332,0.6041833252157284,0.7643395565506849,benchmark/benchmark/submissions_tahoe_lfc_heldout_molecules_fresh/expression/pert_prediction_tahoe_regression/CVCL_1239.heldout_molecules/2026-05-26T00-52-47.697030.json
CVCL_1239,heldout_molecules,knn_baseline_random,knn,random,L2,6.374004995766328,0.0025877734512645663,0.02122230437294902,0.3000186671720093,0.4025860647280128,benchmark/benchmark/submissions_tahoe_lfc_heldout_molecules_fresh/expression/pert_prediction_tahoe_regression/CVCL_1239.heldout_molecules/2026-05-26T00-52-47.693684.json
CVCL_1239,heldout_molecules,knn_baseline_secfp,knn,secfp,L2,6.357692470772863,0.0026238849153465064,0.02110958177206007,0.31011182666067494,0.40881890290225104,benchmark/benchmark/submissions_tahoe_lfc_heldout_molecules_fresh/expression/pert_prediction_tahoe_regression/CVCL_1239.heldout_molecules/2026-05-26T00-53-38.320387.json
CVCL_1239,heldout_molecules,knn_baseline_topological,knn,topological,L2,6.360922763029414,0.002606081307025813,0.02114989654175702,0.30775495832054856,0.4083000914652786,benchmark/benchmark/submissions_tahoe_lfc_heldout_molecules_fresh/expression/pert_prediction_tahoe_regression/CVCL_1239.heldout_molecules/2026-05-26T00-53-05.288123.json
CVCL_1239,heldout_molecules,knn_baseline_unimol2-570m-H,knn,unimol2-570m-H,L2,6.406547635843775,0.002600176486479486,0.02133256871069082,0.2949739478980611,0.3932983409991765,benchmark/benchmark/submissions_tahoe_lfc_heldout_molecules_fresh/expression/pert_prediction_tahoe_regression/CVCL_1239.heldout_molecules/2026-05-26T00-53-49.598215.json
CVCL_1239,heldout_molecules,lasso_baseline_ChemBERTa-77M-MLM,lasso,ChemBERTa-77M-MLM,L2,6.358564507054321,0.0025776124236872094,0.02116341534380008,0.306120095202191,0.4091332258750079,benchmark/benchmark/submissions_tahoe_lfc_heldout_molecules_fresh/expression/pert_prediction_tahoe_regression/CVCL_1239.heldout_molecules/2026-05-26T00-53-09.593916.json
CVCL_1239,heldout_molecules,lasso_baseline_ChemBERTa-77M-MTR,lasso,ChemBERTa-77M-MTR,L2,6.350392611905361,0.002573857366744724,0.021151120604242082,0.30648153255399635,0.4125266288157046,benchmark/benchmark/submissions_tahoe_lfc_heldout_molecules_fresh/expression/pert_prediction_tahoe_regression/CVCL_1239.heldout_molecules/2026-05-26T00-53-02.484240.json
CVCL_1239,heldout_molecules,lasso_baseline_MiniMol,lasso,MiniMol,L2,6.3385949233055,0.002567840773772051,0.02112847948829849,0.30780431073013015,0.4163265550308241,benchmark/benchmark/submissions_tahoe_lfc_heldout_molecules_fresh/expression/pert_prediction_tahoe_regression/CVCL_1239.heldout_molecules/2026-05-26T00-53-20.045258.json
CVCL_1239,heldout_molecules,lasso_baseline_MolT5,lasso,MolT5,L2,6.362521000604292,0.0025770132852341505,0.02117190969998906,0.3059750275096963,0.4076892382083115,benchmark/benchmark/submissions_tahoe_lfc_heldout_molecules_fresh/expression/pert_prediction_tahoe_regression/CVCL_1239.heldout_molecules/2026-05-26T00-53-48.672359.json
CVCL_1239,heldout_molecules,lasso_baseline_avalon,lasso,avalon,L2,6.364631726897788,0.0025744473337248343,0.021176302505925972,0.30643647943300445,0.40701425102938676,benchmark/benchmark/submissions_tahoe_lfc_heldout_molecules_fresh/expression/pert_prediction_tahoe_regression/CVCL_1239.heldout_molecules/2026-05-26T00-54-00.138412.json
CVCL_1239,heldout_molecules,lasso_baseline_boltz_affinity_pred_value_fragment,lasso,boltz_affinity_pred_value_fragment,L2,6.33082575615172,0.002562811712984783,0.021099733431279678,0.3112316037276179,0.4206741783262685,benchmark/benchmark/submissions_tahoe_lfc_heldout_molecules_fresh/expression/pert_prediction_tahoe_regression/CVCL_1239.heldout_molecules/2026-05-26T00-53-27.772371.json
CVCL_1239,heldout_molecules,lasso_baseline_boltz_affinity_pred_value_protein,lasso,boltz_affinity_pred_value_protein,L2,6.336494103796191,0.0025686807047195967,0.021116386283834616,0.3098576665452133,0.41837118513906496,benchmark/benchmark/submissions_tahoe_lfc_heldout_molecules_fresh/expression/pert_prediction_tahoe_regression/CVCL_1239.heldout_molecules/2026-05-26T00-53-52.307572.json
CVCL_1239,heldout_molecules,lasso_baseline_chatgpt,lasso,chatgpt,L2,6.317071995541145,0.002550465472870099,0.021066637804090186,0.31084880911684953,0.4217086941850589,benchmark/benchmark/submissions_tahoe_lfc_heldout_molecules_fresh/expression/pert_prediction_tahoe_regression/CVCL_1239.heldout_molecules/2026-05-26T00-53-06.793617.json
CVCL_1239,heldout_molecules,lasso_baseline_ecfp:2,lasso,ecfp:2,L2,6.364104043572315,0.0025830807276558784,0.021171445791857528,0.3059838885822653,0.40791063232592034,benchmark/benchmark/submissions_tahoe_lfc_heldout_molecules_fresh/expression/pert_prediction_tahoe_regression/CVCL_1239.heldout_molecules/2026-05-26T00-53-56.835878.json
CVCL_1239,heldout_molecules,lasso_baseline_erg,lasso,erg,L2,6.357908346192979,0.0025804128080601932,0.02116349892083788,0.3060021088853603,0.4099549811576003,benchmark/benchmark/submissions_tahoe_lfc_heldout_molecules_fresh/expression/pert_prediction_tahoe_regression/CVCL_1239.heldout_molecules/2026-05-26T00-53-51.770591.json
CVCL_1239,heldout_molecules,lasso_baseline_maccs,lasso,maccs,L2,6.3565935286162984,0.002578390161695034,0.02116199265565023,0.30611023938258103,0.4103598564138973,benchmark/benchmark/submissions_tahoe_lfc_heldout_molecules_fresh/expression/pert_prediction_tahoe_regression/CVCL_1239.heldout_molecules/2026-05-26T00-53-14.543940.json
CVCL_1239,heldout_molecules,lasso_baseline_morgan_initialized_lpm,lasso,morgan_initialized_lpm,L2,6.456428845212311,0.0026081356042493876,0.021252448893746067,0.30672399169701425,0.38543366389240047,benchmark/benchmark/submissions_tahoe_lfc_heldout_molecules_fresh/expression/pert_prediction_tahoe_regression/CVCL_1239.heldout_molecules/2026-05-26T00-53-02.249223.json
CVCL_1239,heldout_molecules,lasso_baseline_pca,lasso,pca,L2,3.297784062358005,0.0007824213584553989,0.012672959118314963,0.6517414767807808,0.8671596439601019,benchmark/benchmark/submissions_tahoe_lfc_heldout_molecules_fresh/expression/pert_prediction_tahoe_regression/CVCL_1239.heldout_molecules/2026-05-26T00-53-10.922435.json
CVCL_1239,heldout_molecules,lasso_baseline_random,lasso,random,L2,6.357910321574271,0.0025804231735451744,0.021163509111731437,0.30600278052748864,0.40995894298565966,benchmark/benchmark/submissions_tahoe_lfc_heldout_molecules_fresh/expression/pert_prediction_tahoe_regression/CVCL_1239.heldout_molecules/2026-05-26T00-53-01.453286.json
CVCL_1239,heldout_molecules,lasso_baseline_secfp,lasso,secfp,L2,6.355691455299145,0.0025765203231621755,0.02116104800038111,0.3063865008085015,0.41049984835089526,benchmark/benchmark/submissions_tahoe_lfc_heldout_molecules_fresh/expression/pert_prediction_tahoe_regression/CVCL_1239.heldout_molecules/2026-05-26T00-53-53.108571.json
CVCL_1239,heldout_molecules,lasso_baseline_topological,lasso,topological,L2,6.353597402531865,0.002571663913655855,0.021156440189155072,0.3064631597148904,0.4114535754678852,benchmark/benchmark/submissions_tahoe_lfc_heldout_molecules_fresh/expression/pert_prediction_tahoe_regression/CVCL_1239.heldout_molecules/2026-05-26T00-53-23.392079.json
CVCL_1239,heldout_molecules,lasso_baseline_unimol2-570m-H,lasso,unimol2-570m-H,L2,6.35796114123618,0.0025803540218618504,0.021163367657506146,0.30599752085597287,0.4098687956381683,benchmark/benchmark/submissions_tahoe_lfc_heldout_molecules_fresh/expression/pert_prediction_tahoe_regression/CVCL_1239.heldout_molecules/2026-05-26T00-54-02.239005.json
CVCL_1285,heldout_molecules,knn_baseline_ChemBERTa-77M-MLM,knn,ChemBERTa-77M-MLM,L2,5.940399006788112,0.0023482449415001276,0.01791241587351888,0.311711468975642,0.3853716266261892,benchmark/benchmark/submissions_tahoe_lfc_heldout_molecules_fresh/expression/pert_prediction_tahoe_regression/CVCL_1285.heldout_molecules/2026-05-26T00-54-28.280233.json
CVCL_1285,heldout_molecules,knn_baseline_ChemBERTa-77M-MTR,knn,ChemBERTa-77M-MTR,L2,5.832059962105148,0.002301017147494834,0.01760363396550863,0.3345990214538271,0.42117033147174826,benchmark/benchmark/submissions_tahoe_lfc_heldout_molecules_fresh/expression/pert_prediction_tahoe_regression/CVCL_1285.heldout_molecules/2026-05-26T00-54-28.157469.json
CVCL_1285,heldout_molecules,knn_baseline_MiniMol,knn,MiniMol,L2,5.765402307311369,0.0022553740427243498,0.01745044652328891,0.3498891909293797,0.44534130345220574,benchmark/benchmark/submissions_tahoe_lfc_heldout_molecules_fresh/expression/pert_prediction_tahoe_regression/CVCL_1285.heldout_molecules/2026-05-26T00-54-34.308870.json
CVCL_1285,heldout_molecules,knn_baseline_MolT5,knn,MolT5,L2,5.912209341744067,0.002333622141867167,0.017835148149601913,0.31879305876888103,0.39586209689386864,benchmark/benchmark/submissions_tahoe_lfc_heldout_molecules_fresh/expression/pert_prediction_tahoe_regression/CVCL_1285.heldout_molecules/2026-05-26T00-55-15.590294.json
CVCL_1285,heldout_molecules,knn_baseline_avalon,knn,avalon,L2,5.82070238681866,0.002319249049029287,0.017615823153414305,0.329316752568575,0.4223484029217731,benchmark/benchmark/submissions_tahoe_lfc_heldout_molecules_fresh/expression/pert_prediction_tahoe_regression/CVCL_1285.heldout_molecules/2026-05-26T00-55-17.293460.json
CVCL_1285,heldout_molecules,knn_baseline_boltz_affinity_pred_value_fragment,knn,boltz_affinity_pred_value_fragment,L2,5.806211891881859,0.002273660892651161,0.01757515604011301,0.3400910649495903,0.4333291204353903,benchmark/benchmark/submissions_tahoe_lfc_heldout_molecules_fresh/expression/pert_prediction_tahoe_regression/CVCL_1285.heldout_molecules/2026-05-26T00-54-40.189808.json
CVCL_1285,heldout_molecules,knn_baseline_boltz_affinity_pred_value_protein,knn,boltz_affinity_pred_value_protein,L2,5.822034019031712,0.002296764629666316,0.017619295109672913,0.33606782280609887,0.42651072251315286,benchmark/benchmark/submissions_tahoe_lfc_heldout_molecules_fresh/expression/pert_prediction_tahoe_regression/CVCL_1285.heldout_molecules/2026-05-26T00-54-46.666923.json
CVCL_1285,heldout_molecules,knn_baseline_chatgpt,knn,chatgpt,L2,5.899393362393478,0.002320151248257582,0.017844468855311234,0.31666913585975354,0.4020577932266734,benchmark/benchmark/submissions_tahoe_lfc_heldout_molecules_fresh/expression/pert_prediction_tahoe_regression/CVCL_1285.heldout_molecules/2026-05-26T00-54-28.593307.json
CVCL_1285,heldout_molecules,knn_baseline_ecfp:2,knn,ecfp:2,L2,5.841696208517443,0.002325072527716429,0.017663869105968764,0.32713925630152046,0.4170453811996664,benchmark/benchmark/submissions_tahoe_lfc_heldout_molecules_fresh/expression/pert_prediction_tahoe_regression/CVCL_1285.heldout_molecules/2026-05-26T00-55-16.617960.json
CVCL_1285,heldout_molecules,knn_baseline_erg,knn,erg,L2,5.8241723592858605,0.0023039223501056592,0.017631547800902234,0.3328265377787223,0.4223933980468915,benchmark/benchmark/submissions_tahoe_lfc_heldout_molecules_fresh/expression/pert_prediction_tahoe_regression/CVCL_1285.heldout_molecules/2026-05-26T00-54-49.400822.json
CVCL_1285,heldout_molecules,knn_baseline_maccs,knn,maccs,L2,5.835314387300132,0.0023134832235113157,0.01762636705405066,0.33204541040418245,0.41788501506915626,benchmark/benchmark/submissions_tahoe_lfc_heldout_molecules_fresh/expression/pert_prediction_tahoe_regression/CVCL_1285.heldout_molecules/2026-05-26T00-54-27.712942.json
CVCL_1285,heldout_molecules,knn_baseline_morgan_initialized_lpm,knn,morgan_initialized_lpm,L2,5.80611495304412,0.0023115944983543393,0.017578151198671507,0.3327593539813748,0.4228592755708913,benchmark/benchmark/submissions_tahoe_lfc_heldout_molecules_fresh/expression/pert_prediction_tahoe_regression/CVCL_1285.heldout_molecules/2026-05-26T00-53-53.794577.json
CVCL_1285,heldout_molecules,knn_baseline_pca,knn,pca,L2,3.8071411254257206,0.0012615762541213224,0.011767849807367852,0.6621737167731111,0.8169414349002141,benchmark/benchmark/submissions_tahoe_lfc_heldout_molecules_fresh/expression/pert_prediction_tahoe_regression/CVCL_1285.heldout_molecules/2026-05-26T00-53-58.669090.json
CVCL_1285,heldout_molecules,knn_baseline_random,knn,random,L2,5.888364532448605,0.0023466189592626086,0.0177870500389266,0.3199364703297743,0.40081183402017506,benchmark/benchmark/submissions_tahoe_lfc_heldout_molecules_fresh/expression/pert_prediction_tahoe_regression/CVCL_1285.heldout_molecules/2026-05-26T00-53-57.523845.json
CVCL_1285,heldout_molecules,knn_baseline_secfp,knn,secfp,L2,5.799082936173225,0.002327449581824073,0.01753748822777782,0.3363101852678922,0.43201197743785535,benchmark/benchmark/submissions_tahoe_lfc_heldout_molecules_fresh/expression/pert_prediction_tahoe_regression/CVCL_1285.heldout_molecules/2026-05-26T00-54-50.073806.json
CVCL_1285,heldout_molecules,knn_baseline_topological,knn,topological,L2,5.810598745774573,0.002310685441104763,0.017584167831016302,0.33514380044139863,0.4270581430387072,benchmark/benchmark/submissions_tahoe_lfc_heldout_molecules_fresh/expression/pert_prediction_tahoe_regression/CVCL_1285.heldout_molecules/2026-05-26T00-54-35.385916.json
CVCL_1285,heldout_molecules,knn_baseline_unimol2-570m-H,knn,unimol2-570m-H,L2,5.859424983468909,0.0023039431879514007,0.01771848723221981,0.3258140884977505,0.4105431906930676,benchmark/benchmark/submissions_tahoe_lfc_heldout_molecules_fresh/expression/pert_prediction_tahoe_regression/CVCL_1285.heldout_molecules/2026-05-26T00-55-16.623254.json
CVCL_1285,heldout_molecules,lasso_baseline_ChemBERTa-77M-MLM,lasso,ChemBERTa-77M-MLM,L2,5.831462977361074,0.002304714977702162,0.017618140065741285,0.3327399614679263,0.41930592857678256,benchmark/benchmark/submissions_tahoe_lfc_heldout_molecules_fresh/expression/pert_prediction_tahoe_regression/CVCL_1285.heldout_molecules/2026-05-26T00-54-42.509871.json
CVCL_1285,heldout_molecules,lasso_baseline_ChemBERTa-77M-MTR,lasso,ChemBERTa-77M-MTR,L2,5.820139622376385,0.0022988687708565617,0.017598248484558418,0.33346400403374205,0.42453930984116306,benchmark/benchmark/submissions_tahoe_lfc_heldout_molecules_fresh/expression/pert_prediction_tahoe_regression/CVCL_1285.heldout_molecules/2026-05-26T00-54-42.912747.json
CVCL_1285,heldout_molecules,lasso_baseline_MiniMol,lasso,MiniMol,L2,5.800500946953503,0.0022854719606617336,0.017570499616066243,0.3342548944131988,0.43006511691504157,benchmark/benchmark/submissions_tahoe_lfc_heldout_molecules_fresh/expression/pert_prediction_tahoe_regression/CVCL_1285.heldout_molecules/2026-05-26T00-54-47.001620.json
CVCL_1285,heldout_molecules,lasso_baseline_MolT5,lasso,MolT5,L2,5.8168447690263845,0.0022905917100890594,0.017596765819724747,0.33305739555454683,0.42332872053197707,benchmark/benchmark/submissions_tahoe_lfc_heldout_molecules_fresh/expression/pert_prediction_tahoe_regression/CVCL_1285.heldout_molecules/2026-05-26T00-55-27.006780.json
CVCL_1285,heldout_molecules,lasso_baseline_avalon,lasso,avalon,L2,5.841288842242712,0.00229923710287487,0.01763532875275602,0.33287091949152725,0.4161889919400175,benchmark/benchmark/submissions_tahoe_lfc_heldout_molecules_fresh/expression/pert_prediction_tahoe_regression/CVCL_1285.heldout_molecules/2026-05-26T00-55-31.737922.json
CVCL_1285,heldout_molecules,lasso_baseline_boltz_affinity_pred_value_fragment,lasso,boltz_affinity_pred_value_fragment,L2,5.827528349317414,0.002306230747235218,0.017615639847048115,0.3327078946025702,0.42091415768712986,benchmark/benchmark/submissions_tahoe_lfc_heldout_molecules_fresh/expression/pert_prediction_tahoe_regression/CVCL_1285.heldout_molecules/2026-05-26T00-54-57.034085.json
CVCL_1285,heldout_molecules,lasso_baseline_boltz_affinity_pred_value_protein,lasso,boltz_affinity_pred_value_protein,L2,5.797309921561442,0.0022879414861333353,0.01756604120850875,0.33485244745682335,0.431878250565227,benchmark/benchmark/submissions_tahoe_lfc_heldout_molecules_fresh/expression/pert_prediction_tahoe_regression/CVCL_1285.heldout_molecules/2026-05-26T00-55-01.832594.json
CVCL_1285,heldout_molecules,lasso_baseline_chatgpt,lasso,chatgpt,L2,5.790151706209691,0.0022733536884115327,0.017539254809452776,0.33664734585568473,0.4324842245984802,benchmark/benchmark/submissions_tahoe_lfc_heldout_molecules_fresh/expression/pert_prediction_tahoe_regression/CVCL_1285.heldout_molecules/2026-05-26T00-54-40.435915.json
CVCL_1285,heldout_molecules,lasso_baseline_ecfp:2,lasso,ecfp:2,L2,5.8427540488807095,0.002313449637621409,0.01763406077514163,0.33236703496334435,0.41640613552602374,benchmark/benchmark/submissions_tahoe_lfc_heldout_molecules_fresh/expression/pert_prediction_tahoe_regression/CVCL_1285.heldout_molecules/2026-05-26T00-55-27.446877.json
CVCL_1285,heldout_molecules,lasso_baseline_erg,lasso,erg,L2,5.838718806314658,0.0023128379794982615,0.01762663800482618,0.3325609371154823,0.41745521857818374,benchmark/benchmark/submissions_tahoe_lfc_heldout_molecules_fresh/expression/pert_prediction_tahoe_regression/CVCL_1285.heldout_molecules/2026-05-26T00-55-06.633728.json
CVCL_1285,heldout_molecules,lasso_baseline_maccs,lasso,maccs,L2,5.832473236964204,0.002307387088303064,0.01761896767145,0.33248086331832116,0.41954435535198625,benchmark/benchmark/submissions_tahoe_lfc_heldout_molecules_fresh/expression/pert_prediction_tahoe_regression/CVCL_1285.heldout_molecules/2026-05-26T00-54-42.810475.json
CVCL_1285,heldout_molecules,lasso_baseline_morgan_initialized_lpm,lasso,morgan_initialized_lpm,L2,5.925779809436171,0.0023172200766499703,0.017671258381994792,0.3371604768029761,0.403695553373267,benchmark/benchmark/submissions_tahoe_lfc_heldout_molecules_fresh/expression/pert_prediction_tahoe_regression/CVCL_1285.heldout_molecules/2026-05-26T00-54-09.709531.json
CVCL_1285,heldout_molecules,lasso_baseline_pca,lasso,pca,L2,2.4029027695491125,0.0004080475322258046,0.008619874525531503,0.708989211152698,0.9191933055626107,benchmark/benchmark/submissions_tahoe_lfc_heldout_molecules_fresh/expression/pert_prediction_tahoe_regression/CVCL_1285.heldout_molecules/2026-05-26T00-54-19.511903.json
CVCL_1285,heldout_molecules,lasso_baseline_random,lasso,random,L2,5.83853506573843,0.0023128085326655215,0.017626382030938716,0.3325610638507896,0.4175198727691875,benchmark/benchmark/submissions_tahoe_lfc_heldout_molecules_fresh/expression/pert_prediction_tahoe_regression/CVCL_1285.heldout_molecules/2026-05-26T00-54-11.742196.json
CVCL_1285,heldout_molecules,lasso_baseline_secfp,lasso,secfp,L2,5.911002753305858,0.0022951368220916536,0.01776597454667867,0.3334198964691145,0.40504621937666985,benchmark/benchmark/submissions_tahoe_lfc_heldout_molecules_fresh/expression/pert_prediction_tahoe_regression/CVCL_1285.heldout_molecules/2026-05-26T00-55-05.056735.json
CVCL_1285,heldout_molecules,lasso_baseline_topological,lasso,topological,L2,5.827167934803775,0.002298608618250356,0.01761429775719023,0.3327161088334944,0.421215460522012,benchmark/benchmark/submissions_tahoe_lfc_heldout_molecules_fresh/expression/pert_prediction_tahoe_regression/CVCL_1285.heldout_molecules/2026-05-26T00-54-51.148306.json
CVCL_1285,heldout_molecules,lasso_baseline_unimol2-570m-H,lasso,unimol2-570m-H,L2,5.836451689938722,0.002310952655163757,0.01762411425997936,0.3325698474679326,0.41802850903207056,benchmark/benchmark/submissions_tahoe_lfc_heldout_molecules_fresh/expression/pert_prediction_tahoe_regression/CVCL_1285.heldout_molecules/2026-05-26T00-55-27.429637.json
CVCL_1381,heldout_molecules,knn_baseline_ChemBERTa-77M-MLM,knn,ChemBERTa-77M-MLM,L2,5.649259861704428,0.0021244271817240368,0.01722268001676101,0.33599517065943757,0.4448716578834738,benchmark/benchmark/submissions_tahoe_lfc_heldout_molecules_fresh/expression/pert_prediction_tahoe_regression/CVCL_1381.heldout_molecules/2026-05-26T00-55-33.477333.json
CVCL_1381,heldout_molecules,knn_baseline_ChemBERTa-77M-MTR,knn,ChemBERTa-77M-MTR,L2,5.581828614667446,0.0020961406660192135,0.01703778224571773,0.3514865308814793,0.4670071820563332,benchmark/benchmark/submissions_tahoe_lfc_heldout_molecules_fresh/expression/pert_prediction_tahoe_regression/CVCL_1381.heldout_molecules/2026-05-26T00-55-31.999631.json
CVCL_1381,heldout_molecules,knn_baseline_MiniMol,knn,MiniMol,L2,5.529858546279955,0.0020620413714601735,0.016874880283102276,0.3676978918739432,0.48485145562827064,benchmark/benchmark/submissions_tahoe_lfc_heldout_molecules_fresh/expression/pert_prediction_tahoe_regression/CVCL_1381.heldout_molecules/2026-05-26T00-55-59.294178.json
CVCL_1381,heldout_molecules,knn_baseline_MolT5,knn,MolT5,L2,5.629036018490664,0.0021112422610462143,0.01715995784525254,0.3419682291002166,0.45040038015474165,benchmark/benchmark/submissions_tahoe_lfc_heldout_molecules_fresh/expression/pert_prediction_tahoe_regression/CVCL_1381.heldout_molecules/2026-05-26T00-56-15.588803.json
CVCL_1381,heldout_molecules,knn_baseline_avalon,knn,avalon,L2,5.592400300189814,0.002118554903288541,0.01704004315003756,0.35189317774610596,0.4607660019005899,benchmark/benchmark/submissions_tahoe_lfc_heldout_molecules_fresh/expression/pert_prediction_tahoe_regression/CVCL_1381.heldout_molecules/2026-05-26T00-56-20.715743.json
CVCL_1381,heldout_molecules,knn_baseline_boltz_affinity_pred_value_fragment,knn,boltz_affinity_pred_value_fragment,L2,5.603387159989543,0.00210715899082244,0.017079335413144513,0.3512465643785494,0.46102749999363624,benchmark/benchmark/submissions_tahoe_lfc_heldout_molecules_fresh/expression/pert_prediction_tahoe_regression/CVCL_1381.heldout_molecules/2026-05-26T00-55-59.450594.json
CVCL_1381,heldout_molecules,knn_baseline_boltz_affinity_pred_value_protein,knn,boltz_affinity_pred_value_protein,L2,5.611534083956886,0.0021203133758079546,0.017112533929120165,0.3480459727886373,0.45678282670455167,benchmark/benchmark/submissions_tahoe_lfc_heldout_molecules_fresh/expression/pert_prediction_tahoe_regression/CVCL_1381.heldout_molecules/2026-05-26T00-56-04.499911.json
CVCL_1381,heldout_molecules,knn_baseline_chatgpt,knn,chatgpt,L2,5.581823124033536,0.002063042780343779,0.017087738780715487,0.3440979995776761,0.46601842209556654,benchmark/benchmark/submissions_tahoe_lfc_heldout_molecules_fresh/expression/pert_prediction_tahoe_regression/CVCL_1381.heldout_molecules/2026-05-26T00-55-37.422212.json
CVCL_1381,heldout_molecules,knn_baseline_ecfp:2,knn,ecfp:2,L2,5.57079484114799,0.002102294797674177,0.017003131261367346,0.3545917510136586,0.46756314153396267,benchmark/benchmark/submissions_tahoe_lfc_heldout_molecules_fresh/expression/pert_prediction_tahoe_regression/CVCL_1381.heldout_molecules/2026-05-26T00-56-20.952825.json
CVCL_1381,heldout_molecules,knn_baseline_erg,knn,erg,L2,5.606497818944562,0.002118591961478872,0.017102374083337275,0.34753865639771325,0.4567052776339285,benchmark/benchmark/submissions_tahoe_lfc_heldout_molecules_fresh/expression/pert_prediction_tahoe_regression/CVCL_1381.heldout_molecules/2026-05-26T00-56-10.131934.json
CVCL_1381,heldout_molecules,knn_baseline_maccs,knn,maccs,L2,5.602120884963261,0.002117366162331496,0.01707708336638972,0.34979741407005693,0.4575671513506549,benchmark/benchmark/submissions_tahoe_lfc_heldout_molecules_fresh/expression/pert_prediction_tahoe_regression/CVCL_1381.heldout_molecules/2026-05-26T00-55-57.651666.json
CVCL_1381,heldout_molecules,knn_baseline_morgan_initialized_lpm,knn,morgan_initialized_lpm,L2,5.614086219727476,0.0021429280223654442,0.01710062241796584,0.343867745642313,0.444868817932821,benchmark/benchmark/submissions_tahoe_lfc_heldout_molecules_fresh/expression/pert_prediction_tahoe_regression/CVCL_1381.heldout_molecules/2026-05-26T00-55-21.200999.json
CVCL_1381,heldout_molecules,knn_baseline_pca,knn,pca,L2,3.733624592192902,0.0011439811607625722,0.011848777371333488,0.6380958047989163,0.8146405532739939,benchmark/benchmark/submissions_tahoe_lfc_heldout_molecules_fresh/expression/pert_prediction_tahoe_regression/CVCL_1381.heldout_molecules/2026-05-26T00-55-26.138908.json
CVCL_1381,heldout_molecules,knn_baseline_random,knn,random,L2,5.589635002032794,0.0021019749975832187,0.01706411961425683,0.348495894573488,0.4635494217469724,benchmark/benchmark/submissions_tahoe_lfc_heldout_molecules_fresh/expression/pert_prediction_tahoe_regression/CVCL_1381.heldout_molecules/2026-05-26T00-55-22.142486.json
CVCL_1381,heldout_molecules,knn_baseline_secfp,knn,secfp,L2,5.594526633319163,0.002132824230615388,0.017068704448114848,0.34988757383924757,0.46192413686581685,benchmark/benchmark/submissions_tahoe_lfc_heldout_molecules_fresh/expression/pert_prediction_tahoe_regression/CVCL_1381.heldout_molecules/2026-05-26T00-56-07.306674.json
CVCL_1381,heldout_molecules,knn_baseline_topological,knn,topological,L2,5.595948842345402,0.0021192834702781606,0.017080023578479018,0.3488047265308923,0.4587750569669552,benchmark/benchmark/submissions_tahoe_lfc_heldout_molecules_fresh/expression/pert_prediction_tahoe_regression/CVCL_1381.heldout_molecules/2026-05-26T00-56-00.597658.json
CVCL_1381,heldout_molecules,knn_baseline_unimol2-570m-H,knn,unimol2-570m-H,L2,5.621908928457047,0.0021134376064942894,0.017152848188386104,0.341281772190584,0.4509209820853053,benchmark/benchmark/submissions_tahoe_lfc_heldout_molecules_fresh/expression/pert_prediction_tahoe_regression/CVCL_1381.heldout_molecules/2026-05-26T00-56-45.517354.json
CVCL_1381,heldout_molecules,lasso_baseline_ChemBERTa-77M-MLM,lasso,ChemBERTa-77M-MLM,L2,5.578658922992588,0.0020983352619416843,0.017009308190043232,0.35358054316548787,0.4665054544586752,benchmark/benchmark/submissions_tahoe_lfc_heldout_molecules_fresh/expression/pert_prediction_tahoe_regression/CVCL_1381.heldout_molecules/2026-05-26T00-55-47.997807.json
CVCL_1381,heldout_molecules,lasso_baseline_ChemBERTa-77M-MTR,lasso,ChemBERTa-77M-MTR,L2,5.579114903034593,0.0020995021322633266,0.01701122442551247,0.353506220386372,0.46660371282304725,benchmark/benchmark/submissions_tahoe_lfc_heldout_molecules_fresh/expression/pert_prediction_tahoe_regression/CVCL_1381.heldout_molecules/2026-05-26T00-55-47.337718.json
CVCL_1381,heldout_molecules,lasso_baseline_MiniMol,lasso,MiniMol,L2,5.569069517921026,0.00209262989153591,0.016997389052510074,0.3537847763305321,0.469750876467454,benchmark/benchmark/submissions_tahoe_lfc_heldout_molecules_fresh/expression/pert_prediction_tahoe_regression/CVCL_1381.heldout_molecules/2026-05-26T00-56-09.628128.json
CVCL_1381,heldout_molecules,lasso_baseline_MolT5,lasso,MolT5,L2,5.576597376688833,0.002092712912628894,0.017015382430910993,0.35326479630145957,0.4658073424369876,benchmark/benchmark/submissions_tahoe_lfc_heldout_molecules_fresh/expression/pert_prediction_tahoe_regression/CVCL_1381.heldout_molecules/2026-05-26T00-56-28.149756.json
CVCL_1381,heldout_molecules,lasso_baseline_avalon,lasso,avalon,L2,5.588928007855684,0.0020973347584936964,0.017019841320215917,0.35353644858157507,0.46253335105134896,benchmark/benchmark/submissions_tahoe_lfc_heldout_molecules_fresh/expression/pert_prediction_tahoe_regression/CVCL_1381.heldout_molecules/2026-05-26T00-56-36.109349.json
CVCL_1381,heldout_molecules,lasso_baseline_boltz_affinity_pred_value_fragment,lasso,boltz_affinity_pred_value_fragment,L2,5.577055331059918,0.00209850767781428,0.017009336690918555,0.35354717072684116,0.4671791523582511,benchmark/benchmark/submissions_tahoe_lfc_heldout_molecules_fresh/expression/pert_prediction_tahoe_regression/CVCL_1381.heldout_molecules/2026-05-26T00-56-14.239241.json
CVCL_1381,heldout_molecules,lasso_baseline_boltz_affinity_pred_value_protein,lasso,boltz_affinity_pred_value_protein,L2,5.579526639998573,0.002097916334029368,0.017030665012096186,0.35322935512698833,0.46707847037893174,benchmark/benchmark/submissions_tahoe_lfc_heldout_molecules_fresh/expression/pert_prediction_tahoe_regression/CVCL_1381.heldout_molecules/2026-05-26T00-56-22.188407.json
CVCL_1381,heldout_molecules,lasso_baseline_chatgpt,lasso,chatgpt,L2,5.539691107478176,0.00206927380904714,0.016948171892085924,0.35563351110791597,0.4783456035882571,benchmark/benchmark/submissions_tahoe_lfc_heldout_molecules_fresh/expression/pert_prediction_tahoe_regression/CVCL_1381.heldout_molecules/2026-05-26T00-55-49.585943.json
CVCL_1381,heldout_molecules,lasso_baseline_ecfp:2,lasso,ecfp:2,L2,5.58154443348058,0.0021009516839048214,0.01701311180682596,0.35361753358911074,0.46573908051225316,benchmark/benchmark/submissions_tahoe_lfc_heldout_molecules_fresh/expression/pert_prediction_tahoe_regression/CVCL_1381.heldout_molecules/2026-05-26T00-56-33.013016.json
CVCL_1381,heldout_molecules,lasso_baseline_erg,lasso,erg,L2,5.579114903034593,0.0020995021322633266,0.01701122442551247,0.353506220386372,0.46660371282304725,benchmark/benchmark/submissions_tahoe_lfc_heldout_molecules_fresh/expression/pert_prediction_tahoe_regression/CVCL_1381.heldout_molecules/2026-05-26T00-56-28.148391.json
CVCL_1381,heldout_molecules,lasso_baseline_maccs,lasso,maccs,L2,5.578343036624391,0.0020987803305296707,0.0170107246907133,0.353494960939982,0.4670266749904909,benchmark/benchmark/submissions_tahoe_lfc_heldout_molecules_fresh/expression/pert_prediction_tahoe_regression/CVCL_1381.heldout_molecules/2026-05-26T00-56-13.069747.json
CVCL_1381,heldout_molecules,lasso_baseline_morgan_initialized_lpm,lasso,morgan_initialized_lpm,L2,5.677561967757808,0.0021334263066446688,0.017092934239453503,0.3522686973434067,0.43754066044569356,benchmark/benchmark/submissions_tahoe_lfc_heldout_molecules_fresh/expression/pert_prediction_tahoe_regression/CVCL_1381.heldout_molecules/2026-05-26T00-55-37.393070.json
CVCL_1381,heldout_molecules,lasso_baseline_pca,lasso,pca,L2,2.400430901716995,0.00037181248312666434,0.008756922413747781,0.6841505998784246,0.9139118545905662,benchmark/benchmark/submissions_tahoe_lfc_heldout_molecules_fresh/expression/pert_prediction_tahoe_regression/CVCL_1381.heldout_molecules/2026-05-26T00-55-46.994336.json
CVCL_1381,heldout_molecules,lasso_baseline_random,lasso,random,L2,5.579114903034593,0.0020995021322633266,0.01701122442551247,0.353506220386372,0.46660371282304725,benchmark/benchmark/submissions_tahoe_lfc_heldout_molecules_fresh/expression/pert_prediction_tahoe_regression/CVCL_1381.heldout_molecules/2026-05-26T00-55-37.947614.json
CVCL_1381,heldout_molecules,lasso_baseline_secfp,lasso,secfp,L2,5.583603961475958,0.0021013605925834684,0.0170148924343547,0.35346546317429917,0.4649080944444796,benchmark/benchmark/submissions_tahoe_lfc_heldout_molecules_fresh/expression/pert_prediction_tahoe_regression/CVCL_1381.heldout_molecules/2026-05-26T00-56-23.276676.json
CVCL_1381,heldout_molecules,lasso_baseline_topological,lasso,topological,L2,5.581041972956213,0.002097515509060617,0.017011237600967007,0.35360379041602513,0.465777386352022,benchmark/benchmark/submissions_tahoe_lfc_heldout_molecules_fresh/expression/pert_prediction_tahoe_regression/CVCL_1381.heldout_molecules/2026-05-26T00-56-14.228150.json
CVCL_1381,heldout_molecules,lasso_baseline_unimol2-570m-H,lasso,unimol2-570m-H,L2,5.578924364043368,0.002099341750001081,0.017011295851080913,0.3535050175942893,0.4666122767923374,benchmark/benchmark/submissions_tahoe_lfc_heldout_molecules_fresh/expression/pert_prediction_tahoe_regression/CVCL_1381.heldout_molecules/2026-05-26T00-56-56.417398.json
CVCL_1478,heldout_molecules,knn_baseline_ChemBERTa-77M-MLM,knn,ChemBERTa-77M-MLM,L2,5.769177096717111,0.002355135423925819,0.01783955134860591,0.28891438627850796,0.39157389717844326,benchmark/benchmark/submissions_tahoe_lfc_heldout_molecules_fresh/expression/pert_prediction_tahoe_regression/CVCL_1478.heldout_molecules/2026-05-26T00-56-50.705587.json
CVCL_1478,heldout_molecules,knn_baseline_ChemBERTa-77M-MTR,knn,ChemBERTa-77M-MTR,L2,5.697386063199875,0.002333357460467759,0.017589379121138084,0.3079102389976941,0.41376928071778507,benchmark/benchmark/submissions_tahoe_lfc_heldout_molecules_fresh/expression/pert_prediction_tahoe_regression/CVCL_1478.heldout_molecules/2026-05-26T00-56-50.149213.json
CVCL_1478,heldout_molecules,knn_baseline_MiniMol,knn,MiniMol,L2,5.578628848520744,0.0022642231822748316,0.017218820613919,0.33865100290818373,0.45242590659648246,benchmark/benchmark/submissions_tahoe_lfc_heldout_molecules_fresh/expression/pert_prediction_tahoe_regression/CVCL_1478.heldout_molecules/2026-05-26T00-57-06.912472.json
CVCL_1478,heldout_molecules,knn_baseline_MolT5,knn,MolT5,L2,5.72102214270413,0.0023358815834477933,0.017686708002009794,0.30120342872533107,0.40789135743889693,benchmark/benchmark/submissions_tahoe_lfc_heldout_molecules_fresh/expression/pert_prediction_tahoe_regression/CVCL_1478.heldout_molecules/2026-05-26T00-57-38.131752.json
CVCL_1478,heldout_molecules,knn_baseline_avalon,knn,avalon,L2,5.625831929466529,0.0023376934051180516,0.017345063781811606,0.3257522040304618,0.43492089156628044,benchmark/benchmark/submissions_tahoe_lfc_heldout_molecules_fresh/expression/pert_prediction_tahoe_regression/CVCL_1478.heldout_molecules/2026-05-26T00-57-39.788033.json
CVCL_1478,heldout_molecules,knn_baseline_boltz_affinity_pred_value_fragment,knn,boltz_affinity_pred_value_fragment,L2,5.622710566676307,0.002287288687246093,0.017374165939909238,0.3281314885810827,0.4437788221671618,benchmark/benchmark/submissions_tahoe_lfc_heldout_molecules_fresh/expression/pert_prediction_tahoe_regression/CVCL_1478.heldout_molecules/2026-05-26T00-57-31.993279.json
CVCL_1478,heldout_molecules,knn_baseline_boltz_affinity_pred_value_protein,knn,boltz_affinity_pred_value_protein,L2,5.634942052867116,0.002304183600218315,0.017401502775769965,0.3261036982249049,0.4394960753622306,benchmark/benchmark/submissions_tahoe_lfc_heldout_molecules_fresh/expression/pert_prediction_tahoe_regression/CVCL_1478.heldout_molecules/2026-05-26T00-57-32.156777.json
CVCL_1478,heldout_molecules,knn_baseline_chatgpt,knn,chatgpt,L2,5.664080237089363,0.0022595467839887895,0.01758042195459117,0.31123522718990976,0.4270069845517021,benchmark/benchmark/submissions_tahoe_lfc_heldout_molecules_fresh/expression/pert_prediction_tahoe_regression/CVCL_1478.heldout_molecules/2026-05-26T00-56-55.645868.json
CVCL_1478,heldout_molecules,knn_baseline_ecfp:2,knn,ecfp:2,L2,5.618672531700936,0.0023148395681217215,0.01732383395418818,0.32916527214931834,0.4407490381899737,benchmark/benchmark/submissions_tahoe_lfc_heldout_molecules_fresh/expression/pert_prediction_tahoe_regression/CVCL_1478.heldout_molecules/2026-05-26T00-57-44.067432.json
CVCL_1478,heldout_molecules,knn_baseline_erg,knn,erg,L2,5.649352983892405,0.0023200022218311713,0.017451954762922647,0.31811216632830236,0.4305282496471544,benchmark/benchmark/submissions_tahoe_lfc_heldout_molecules_fresh/expression/pert_prediction_tahoe_regression/CVCL_1478.heldout_molecules/2026-05-26T00-57-31.409731.json
CVCL_1478,heldout_molecules,knn_baseline_maccs,knn,maccs,L2,5.6264165137062765,0.0023135033408611893,0.01734680658460298,0.3271859767348739,0.43730578871521664,benchmark/benchmark/submissions_tahoe_lfc_heldout_molecules_fresh/expression/pert_prediction_tahoe_regression/CVCL_1478.heldout_molecules/2026-05-26T00-57-01.004080.json
CVCL_1478,heldout_molecules,knn_baseline_morgan_initialized_lpm,knn,morgan_initialized_lpm,L2,5.615218167375638,0.0023167968003049984,0.017313419272689527,0.32838991966377046,0.43571634041888885,benchmark/benchmark/submissions_tahoe_lfc_heldout_molecules_fresh/expression/pert_prediction_tahoe_regression/CVCL_1478.heldout_molecules/2026-05-26T00-56-44.808700.json
CVCL_1478,heldout_molecules,knn_baseline_pca,knn,pca,L2,4.088587658014953,0.001453643734974142,0.012907215464465471,0.6184713775114947,0.7839693910634842,benchmark/benchmark/submissions_tahoe_lfc_heldout_molecules_fresh/expression/pert_prediction_tahoe_regression/CVCL_1478.heldout_molecules/2026-05-26T00-56-44.904245.json
CVCL_1478,heldout_molecules,knn_baseline_random,knn,random,L2,5.7395157396179,0.002363887906655045,0.017707686609240915,0.2974200027284822,0.40047972971475787,benchmark/benchmark/submissions_tahoe_lfc_heldout_molecules_fresh/expression/pert_prediction_tahoe_regression/CVCL_1478.heldout_molecules/2026-05-26T00-56-44.053560.json
CVCL_1478,heldout_molecules,knn_baseline_secfp,knn,secfp,L2,5.620283572521229,0.002354438394777877,0.017310654435702153,0.33009245468399206,0.4415295975177271,benchmark/benchmark/submissions_tahoe_lfc_heldout_molecules_fresh/expression/pert_prediction_tahoe_regression/CVCL_1478.heldout_molecules/2026-05-26T00-57-32.917938.json
CVCL_1478,heldout_molecules,knn_baseline_topological,knn,topological,L2,5.648740763768797,0.0023387244436430675,0.017444885168572365,0.31707101658915715,0.42942889884391555,benchmark/benchmark/submissions_tahoe_lfc_heldout_molecules_fresh/expression/pert_prediction_tahoe_regression/CVCL_1478.heldout_molecules/2026-05-26T00-57-05.522359.json
CVCL_1478,heldout_molecules,knn_baseline_unimol2-570m-H,knn,unimol2-570m-H,L2,5.6877569809657125,0.0023267389420505258,0.017598724124146838,0.3078129996705564,0.4179178356739805,benchmark/benchmark/submissions_tahoe_lfc_heldout_molecules_fresh/expression/pert_prediction_tahoe_regression/CVCL_1478.heldout_molecules/2026-05-26T00-57-50.284030.json
CVCL_1478,heldout_molecules,lasso_baseline_ChemBERTa-77M-MLM,lasso,ChemBERTa-77M-MLM,L2,5.658631094086168,0.0023246380069099236,0.017477275508307084,0.3142297222096987,0.425976440521581,benchmark/benchmark/submissions_tahoe_lfc_heldout_molecules_fresh/expression/pert_prediction_tahoe_regression/CVCL_1478.heldout_molecules/2026-05-26T00-57-06.820482.json
CVCL_1478,heldout_molecules,lasso_baseline_ChemBERTa-77M-MTR,lasso,ChemBERTa-77M-MTR,L2,5.651370631429224,0.0023207951087880953,0.017465563168461512,0.3144796400495632,0.4292425829397509,benchmark/benchmark/submissions_tahoe_lfc_heldout_molecules_fresh/expression/pert_prediction_tahoe_regression/CVCL_1478.heldout_molecules/2026-05-26T00-57-06.234992.json
CVCL_1478,heldout_molecules,lasso_baseline_MiniMol,lasso,MiniMol,L2,5.632914859802427,0.0023091602675351943,0.01742824237763135,0.3160155831667155,0.43455535197681083,benchmark/benchmark/submissions_tahoe_lfc_heldout_molecules_fresh/expression/pert_prediction_tahoe_regression/CVCL_1478.heldout_molecules/2026-05-26T00-57-22.279957.json
CVCL_1478,heldout_molecules,lasso_baseline_MolT5,lasso,MolT5,L2,5.648149646139931,0.0023131072529478354,0.01745007105358793,0.3153977017247329,0.4284213010326882,benchmark/benchmark/submissions_tahoe_lfc_heldout_molecules_fresh/expression/pert_prediction_tahoe_regression/CVCL_1478.heldout_molecules/2026-05-26T00-57-50.668183.json
CVCL_1478,heldout_molecules,lasso_baseline_avalon,lasso,avalon,L2,5.656685489031045,0.002317463045457926,0.017471087760540446,0.3152889760200669,0.4267348305895505,benchmark/benchmark/submissions_tahoe_lfc_heldout_molecules_fresh/expression/pert_prediction_tahoe_regression/CVCL_1478.heldout_molecules/2026-05-26T00-57-55.795115.json
CVCL_1478,heldout_molecules,lasso_baseline_boltz_affinity_pred_value_fragment,lasso,boltz_affinity_pred_value_fragment,L2,5.633570910007682,0.0023090013465929915,0.017412622518203774,0.31833404455931685,0.43605450732204615,benchmark/benchmark/submissions_tahoe_lfc_heldout_molecules_fresh/expression/pert_prediction_tahoe_regression/CVCL_1478.heldout_molecules/2026-05-26T00-57-46.713134.json
CVCL_1478,heldout_molecules,lasso_baseline_boltz_affinity_pred_value_protein,lasso,boltz_affinity_pred_value_protein,L2,5.632649258087035,0.0023102681019066956,0.017414239737711522,0.3177773173187425,0.43513374236932767,benchmark/benchmark/submissions_tahoe_lfc_heldout_molecules_fresh/expression/pert_prediction_tahoe_regression/CVCL_1478.heldout_molecules/2026-05-26T00-57-46.457373.json
CVCL_1478,heldout_molecules,lasso_baseline_chatgpt,lasso,chatgpt,L2,5.594002096544837,0.002275227423896602,0.017345026874110766,0.3199596878338905,0.443543049390246,benchmark/benchmark/submissions_tahoe_lfc_heldout_molecules_fresh/expression/pert_prediction_tahoe_regression/CVCL_1478.heldout_molecules/2026-05-26T00-57-09.027392.json
CVCL_1478,heldout_molecules,lasso_baseline_ecfp:2,lasso,ecfp:2,L2,5.670826358813672,0.0023341954850888864,0.01749552818348986,0.3137518776502721,0.42269808162161876,benchmark/benchmark/submissions_tahoe_lfc_heldout_molecules_fresh/expression/pert_prediction_tahoe_regression/CVCL_1478.heldout_molecules/2026-05-26T00-57-58.061229.json
CVCL_1478,heldout_molecules,lasso_baseline_erg,lasso,erg,L2,5.6637225991897955,0.002331553993780267,0.01748379729342518,0.3137211540285126,0.42441213624291346,benchmark/benchmark/submissions_tahoe_lfc_heldout_molecules_fresh/expression/pert_prediction_tahoe_regression/CVCL_1478.heldout_molecules/2026-05-26T00-57-46.003069.json
CVCL_1478,heldout_molecules,lasso_baseline_maccs,lasso,maccs,L2,5.659017204342444,0.002327163882532896,0.017478070068185594,0.31408749821677895,0.42625295348876835,benchmark/benchmark/submissions_tahoe_lfc_heldout_molecules_fresh/expression/pert_prediction_tahoe_regression/CVCL_1478.heldout_molecules/2026-05-26T00-57-16.836260.json
CVCL_1478,heldout_molecules,lasso_baseline_morgan_initialized_lpm,lasso,morgan_initialized_lpm,L2,5.738996199343711,0.002310445366590076,0.017539136779280512,0.31743355329324513,0.40610205925951304,benchmark/benchmark/submissions_tahoe_lfc_heldout_molecules_fresh/expression/pert_prediction_tahoe_regression/CVCL_1478.heldout_molecules/2026-05-26T00-56-58.556217.json
CVCL_1478,heldout_molecules,lasso_baseline_pca,lasso,pca,L2,2.6823006115115366,0.0005811085020030665,0.009724170914784188,0.6640206213855225,0.8938809342094856,benchmark/benchmark/submissions_tahoe_lfc_heldout_molecules_fresh/expression/pert_prediction_tahoe_regression/CVCL_1478.heldout_molecules/2026-05-26T00-57-06.543231.json
CVCL_1478,heldout_molecules,lasso_baseline_random,lasso,random,L2,5.6637225991897955,0.002331553993780267,0.01748379729342518,0.3137211540285126,0.42441213624291346,benchmark/benchmark/submissions_tahoe_lfc_heldout_molecules_fresh/expression/pert_prediction_tahoe_regression/CVCL_1478.heldout_molecules/2026-05-26T00-56-58.132369.json
CVCL_1478,heldout_molecules,lasso_baseline_secfp,lasso,secfp,L2,5.656321222123765,0.0023232522213753235,0.01747388698836524,0.3143167431875045,0.42769366096413924,benchmark/benchmark/submissions_tahoe_lfc_heldout_molecules_fresh/expression/pert_prediction_tahoe_regression/CVCL_1478.heldout_molecules/2026-05-26T00-57-48.051958.json
CVCL_1478,heldout_molecules,lasso_baseline_topological,lasso,topological,L2,5.660056818974263,0.002324412873584176,0.017479424026356265,0.3141548045918914,0.42612559533053795,benchmark/benchmark/submissions_tahoe_lfc_heldout_molecules_fresh/expression/pert_prediction_tahoe_regression/CVCL_1478.heldout_molecules/2026-05-26T00-57-20.038023.json
CVCL_1478,heldout_molecules,lasso_baseline_unimol2-570m-H,lasso,unimol2-570m-H,L2,5.662789357440713,0.0023307824129198654,0.01748362969692866,0.31375065711536393,0.42462946185856704,benchmark/benchmark/submissions_tahoe_lfc_heldout_molecules_fresh/expression/pert_prediction_tahoe_regression/CVCL_1478.heldout_molecules/2026-05-26T00-58-03.365173.json
CVCL_1495,heldout_molecules,knn_baseline_ChemBERTa-77M-MLM,knn,ChemBERTa-77M-MLM,L2,6.141736961763961,0.00247593440469296,0.0194461720756896,0.35297599002448743,0.4316943767985476,benchmark/benchmark/submissions_tahoe_lfc_heldout_molecules_fresh/expression/pert_prediction_tahoe_regression/CVCL_1495.heldout_molecules/2026-05-26T00-58-18.538382.json
CVCL_1495,heldout_molecules,knn_baseline_ChemBERTa-77M-MTR,knn,ChemBERTa-77M-MTR,L2,6.050120598890977,0.0024426845825521295,0.01911652224642373,0.36940921371868285,0.45569953587735107,benchmark/benchmark/submissions_tahoe_lfc_heldout_molecules_fresh/expression/pert_prediction_tahoe_regression/CVCL_1495.heldout_molecules/2026-05-26T00-58-18.681355.json
CVCL_1495,heldout_molecules,knn_baseline_MiniMol,knn,MiniMol,L2,5.977751153481659,0.002384856299714206,0.018955731303512868,0.38126581473273535,0.4771651145824962,benchmark/benchmark/submissions_tahoe_lfc_heldout_molecules_fresh/expression/pert_prediction_tahoe_regression/CVCL_1495.heldout_molecules/2026-05-26T00-58-28.457648.json
CVCL_1495,heldout_molecules,knn_baseline_MolT5,knn,MolT5,L2,6.118638071012394,0.002461085365533755,0.01934914104171381,0.3603667223294879,0.43913729121413475,benchmark/benchmark/submissions_tahoe_lfc_heldout_molecules_fresh/expression/pert_prediction_tahoe_regression/CVCL_1495.heldout_molecules/2026-05-26T00-59-09.929491.json
CVCL_1495,heldout_molecules,knn_baseline_avalon,knn,avalon,L2,6.002349471823958,0.0024348661029882203,0.018961200756128574,0.3769590189222612,0.46752177110767423,benchmark/benchmark/submissions_tahoe_lfc_heldout_molecules_fresh/expression/pert_prediction_tahoe_regression/CVCL_1495.heldout_molecules/2026-05-26T00-59-11.057599.json
CVCL_1495,heldout_molecules,knn_baseline_boltz_affinity_pred_value_fragment,knn,boltz_affinity_pred_value_fragment,L2,6.019415327383321,0.002414227484564925,0.01904138027952377,0.37823938187837647,0.4682372393051486,benchmark/benchmark/submissions_tahoe_lfc_heldout_molecules_fresh/expression/pert_prediction_tahoe_regression/CVCL_1495.heldout_molecules/2026-05-26T00-58-34.387281.json
CVCL_1495,heldout_molecules,knn_baseline_boltz_affinity_pred_value_protein,knn,boltz_affinity_pred_value_protein,L2,6.03220934956466,0.002429918105762552,0.019078082018674218,0.3757079049350322,0.46445358294164873,benchmark/benchmark/submissions_tahoe_lfc_heldout_molecules_fresh/expression/pert_prediction_tahoe_regression/CVCL_1495.heldout_molecules/2026-05-26T00-58-39.343803.json
CVCL_1495,heldout_molecules,knn_baseline_chatgpt,knn,chatgpt,L2,6.057865079326203,0.00241197874692184,0.01923174384242107,0.3642657774337957,0.45678220308901724,benchmark/benchmark/submissions_tahoe_lfc_heldout_molecules_fresh/expression/pert_prediction_tahoe_regression/CVCL_1495.heldout_molecules/2026-05-26T00-58-18.739680.json
CVCL_1495,heldout_molecules,knn_baseline_ecfp:2,knn,ecfp:2,L2,6.032976413645251,0.0024428807995240946,0.019072931976583354,0.3710410742412056,0.45881524498319676,benchmark/benchmark/submissions_tahoe_lfc_heldout_molecules_fresh/expression/pert_prediction_tahoe_regression/CVCL_1495.heldout_molecules/2026-05-26T00-59-10.822542.json
CVCL_1495,heldout_molecules,knn_baseline_erg,knn,erg,L2,6.034803218355527,0.0024380959865398805,0.01912321854379797,0.37001166877664043,0.4612383386042864,benchmark/benchmark/submissions_tahoe_lfc_heldout_molecules_fresh/expression/pert_prediction_tahoe_regression/CVCL_1495.heldout_molecules/2026-05-26T00-59-09.908827.json
CVCL_1495,heldout_molecules,knn_baseline_maccs,knn,maccs,L2,6.034111306526459,0.0024400575157621503,0.019092725377295703,0.37178027889256565,0.4598279091449426,benchmark/benchmark/submissions_tahoe_lfc_heldout_molecules_fresh/expression/pert_prediction_tahoe_regression/CVCL_1495.heldout_molecules/2026-05-26T00-58-23.163785.json
CVCL_1495,heldout_molecules,knn_baseline_morgan_initialized_lpm,knn,morgan_initialized_lpm,L2,6.021001412125088,0.002453821141131657,0.019063003529011163,0.36997817039610253,0.458078858761112,benchmark/benchmark/submissions_tahoe_lfc_heldout_molecules_fresh/expression/pert_prediction_tahoe_regression/CVCL_1495.heldout_molecules/2026-05-26T00-57-52.359064.json
CVCL_1495,heldout_molecules,knn_baseline_pca,knn,pca,L2,4.0347516175924465,0.001340615575124068,0.013078798624546967,0.6534549974360137,0.8061431552974715,benchmark/benchmark/submissions_tahoe_lfc_heldout_molecules_fresh/expression/pert_prediction_tahoe_regression/CVCL_1495.heldout_molecules/2026-05-26T00-58-17.392592.json
CVCL_1495,heldout_molecules,knn_baseline_random,knn,random,L2,6.087665915842615,0.002467794968933616,0.019247902363589735,0.35893707928379964,0.44351357811796965,benchmark/benchmark/submissions_tahoe_lfc_heldout_molecules_fresh/expression/pert_prediction_tahoe_regression/CVCL_1495.heldout_molecules/2026-05-26T00-57-53.495159.json
CVCL_1495,heldout_molecules,knn_baseline_secfp,knn,secfp,L2,5.9968608433079,0.002462100017975373,0.01896467281357973,0.3782483174444354,0.47401210427239837,benchmark/benchmark/submissions_tahoe_lfc_heldout_molecules_fresh/expression/pert_prediction_tahoe_regression/CVCL_1495.heldout_molecules/2026-05-26T00-58-41.504425.json
CVCL_1495,heldout_molecules,knn_baseline_topological,knn,topological,L2,6.0484952966035594,0.002462909959996602,0.01912038716414366,0.3678792764770722,0.45507009362928785,benchmark/benchmark/submissions_tahoe_lfc_heldout_molecules_fresh/expression/pert_prediction_tahoe_regression/CVCL_1495.heldout_molecules/2026-05-26T00-58-26.018289.json
CVCL_1495,heldout_molecules,knn_baseline_unimol2-570m-H,knn,unimol2-570m-H,L2,6.065957867935913,0.0024422550010044833,0.019227184242023104,0.36456773248528807,0.4515568403591323,benchmark/benchmark/submissions_tahoe_lfc_heldout_molecules_fresh/expression/pert_prediction_tahoe_regression/CVCL_1495.heldout_molecules/2026-05-26T00-59-16.390646.json
CVCL_1495,heldout_molecules,lasso_baseline_ChemBERTa-77M-MLM,lasso,ChemBERTa-77M-MLM,L2,6.02537378824337,0.0024308181058908668,0.019055111950445562,0.3726598669444263,0.46188533166360757,benchmark/benchmark/submissions_tahoe_lfc_heldout_molecules_fresh/expression/pert_prediction_tahoe_regression/CVCL_1495.heldout_molecules/2026-05-26T00-58-33.054478.json
CVCL_1495,heldout_molecules,lasso_baseline_ChemBERTa-77M-MTR,lasso,ChemBERTa-77M-MTR,L2,6.021710389818343,0.0024311928349282285,0.019046480972895425,0.37284252265031853,0.4635089236567795,benchmark/benchmark/submissions_tahoe_lfc_heldout_molecules_fresh/expression/pert_prediction_tahoe_regression/CVCL_1495.heldout_molecules/2026-05-26T00-58-33.225347.json
CVCL_1495,heldout_molecules,lasso_baseline_MiniMol,lasso,MiniMol,L2,6.010777489560009,0.0024206106353118336,0.019027182696499594,0.3735534856957088,0.46653777076559466,benchmark/benchmark/submissions_tahoe_lfc_heldout_molecules_fresh/expression/pert_prediction_tahoe_regression/CVCL_1495.heldout_molecules/2026-05-26T00-58-43.842855.json
CVCL_1495,heldout_molecules,lasso_baseline_MolT5,lasso,MolT5,L2,6.030597038239696,0.002427832709201205,0.019064390991129464,0.37227225250827145,0.4599683173472204,benchmark/benchmark/submissions_tahoe_lfc_heldout_molecules_fresh/expression/pert_prediction_tahoe_regression/CVCL_1495.heldout_molecules/2026-05-26T00-59-21.033720.json
CVCL_1495,heldout_molecules,lasso_baseline_avalon,lasso,avalon,L2,6.029408113902189,0.0024220914317169212,0.019067136417820388,0.3729168930354823,0.46059982167261265,benchmark/benchmark/submissions_tahoe_lfc_heldout_molecules_fresh/expression/pert_prediction_tahoe_regression/CVCL_1495.heldout_molecules/2026-05-26T00-59-26.275252.json
CVCL_1495,heldout_molecules,lasso_baseline_boltz_affinity_pred_value_fragment,lasso,boltz_affinity_pred_value_fragment,L2,6.022617344213162,0.0024334007437207114,0.019049513235658965,0.372587228123652,0.46292352192735414,benchmark/benchmark/submissions_tahoe_lfc_heldout_molecules_fresh/expression/pert_prediction_tahoe_regression/CVCL_1495.heldout_molecules/2026-05-26T00-58-51.575380.json
CVCL_1495,heldout_molecules,lasso_baseline_boltz_affinity_pred_value_protein,lasso,boltz_affinity_pred_value_protein,L2,6.007697781083032,0.002420967611546384,0.019031058635083614,0.37394414841789514,0.4688607164203741,benchmark/benchmark/submissions_tahoe_lfc_heldout_molecules_fresh/expression/pert_prediction_tahoe_regression/CVCL_1495.heldout_molecules/2026-05-26T00-58-54.507336.json
CVCL_1495,heldout_molecules,lasso_baseline_chatgpt,lasso,chatgpt,L2,5.981369342957487,0.0023975566381912246,0.01895854854217793,0.3759381695636927,0.47277092153388933,benchmark/benchmark/submissions_tahoe_lfc_heldout_molecules_fresh/expression/pert_prediction_tahoe_regression/CVCL_1495.heldout_molecules/2026-05-26T00-58-30.163446.json
CVCL_1495,heldout_molecules,lasso_baseline_ecfp:2,lasso,ecfp:2,L2,6.036683823752067,0.002439895461158646,0.01906872609777549,0.37245775838562867,0.4595145168359616,benchmark/benchmark/submissions_tahoe_lfc_heldout_molecules_fresh/expression/pert_prediction_tahoe_regression/CVCL_1495.heldout_molecules/2026-05-26T00-59-21.651976.json
CVCL_1495,heldout_molecules,lasso_baseline_erg,lasso,erg,L2,6.026941349303993,0.0024365111053311164,0.019054603096648574,0.3725560107474199,0.4616950998135633,benchmark/benchmark/submissions_tahoe_lfc_heldout_molecules_fresh/expression/pert_prediction_tahoe_regression/CVCL_1495.heldout_molecules/2026-05-26T00-59-23.932679.json
CVCL_1495,heldout_molecules,lasso_baseline_maccs,lasso,maccs,L2,6.025201613353105,0.002433637366479761,0.01905433901669383,0.3726479931118597,0.46224163105924826,benchmark/benchmark/submissions_tahoe_lfc_heldout_molecules_fresh/expression/pert_prediction_tahoe_regression/CVCL_1495.heldout_molecules/2026-05-26T00-58-39.863766.json
CVCL_1495,heldout_molecules,lasso_baseline_morgan_initialized_lpm,lasso,morgan_initialized_lpm,L2,6.114219115095988,0.0024361673308334534,0.019138278464372247,0.37446563128310517,0.4458879584447587,benchmark/benchmark/submissions_tahoe_lfc_heldout_molecules_fresh/expression/pert_prediction_tahoe_regression/CVCL_1495.heldout_molecules/2026-05-26T00-58-06.817279.json
CVCL_1495,heldout_molecules,lasso_baseline_pca,lasso,pca,L2,2.725478779938336,0.0006059230071727952,0.010050572375157035,0.698481698965684,0.9059002078809009,benchmark/benchmark/submissions_tahoe_lfc_heldout_molecules_fresh/expression/pert_prediction_tahoe_regression/CVCL_1495.heldout_molecules/2026-05-26T00-58-41.771665.json
CVCL_1495,heldout_molecules,lasso_baseline_random,lasso,random,L2,6.026941349303993,0.0024365111053311164,0.019054603096648574,0.3725560107474199,0.4616950998135633,benchmark/benchmark/submissions_tahoe_lfc_heldout_molecules_fresh/expression/pert_prediction_tahoe_regression/CVCL_1495.heldout_molecules/2026-05-26T00-58-09.665622.json
CVCL_1495,heldout_molecules,lasso_baseline_secfp,lasso,secfp,L2,6.025742076257028,0.002430931866118338,0.0190507298944509,0.37293807275687163,0.4625472732861534,benchmark/benchmark/submissions_tahoe_lfc_heldout_molecules_fresh/expression/pert_prediction_tahoe_regression/CVCL_1495.heldout_molecules/2026-05-26T00-59-00.580414.json
CVCL_1495,heldout_molecules,lasso_baseline_topological,lasso,topological,L2,6.024570994339343,0.0024275506892641224,0.01905267444043686,0.3728042497755509,0.4625974937676028,benchmark/benchmark/submissions_tahoe_lfc_heldout_molecules_fresh/expression/pert_prediction_tahoe_regression/CVCL_1495.heldout_molecules/2026-05-26T00-58-41.569410.json
CVCL_1495,heldout_molecules,lasso_baseline_unimol2-570m-H,lasso,unimol2-570m-H,L2,6.026759464934834,0.0024362979621498004,0.01905432025803853,0.3725564927392103,0.4617135029583816,benchmark/benchmark/submissions_tahoe_lfc_heldout_molecules_fresh/expression/pert_prediction_tahoe_regression/CVCL_1495.heldout_molecules/2026-05-26T00-59-28.547627.json
CVCL_1517,heldout_molecules,knn_baseline_ChemBERTa-77M-MLM,knn,ChemBERTa-77M-MLM,L2,6.278078855960944,0.002470871761615462,0.020772897757621596,0.32070224509491113,0.4331071303668429,benchmark/benchmark/submissions_tahoe_lfc_heldout_molecules_fresh/expression/pert_prediction_tahoe_regression/CVCL_1517.heldout_molecules/2026-05-26T00-59-31.528868.json
CVCL_1517,heldout_molecules,knn_baseline_ChemBERTa-77M-MTR,knn,ChemBERTa-77M-MTR,L2,6.197633576933077,0.002431528419757817,0.020496379475927754,0.34135775066395974,0.45797097358494027,benchmark/benchmark/submissions_tahoe_lfc_heldout_molecules_fresh/expression/pert_prediction_tahoe_regression/CVCL_1517.heldout_molecules/2026-05-26T00-59-27.715485.json
CVCL_1517,heldout_molecules,knn_baseline_MiniMol,knn,MiniMol,L2,6.16931787380701,0.0024127946745970074,0.020421593002763503,0.34978995310454186,0.4668402934110051,benchmark/benchmark/submissions_tahoe_lfc_heldout_molecules_fresh/expression/pert_prediction_tahoe_regression/CVCL_1517.heldout_molecules/2026-05-26T00-59-55.370903.json
CVCL_1517,heldout_molecules,knn_baseline_MolT5,knn,MolT5,L2,6.287121931284091,0.0024821626420312107,0.02078713146398218,0.3210054073839354,0.43108873498943767,benchmark/benchmark/submissions_tahoe_lfc_heldout_molecules_fresh/expression/pert_prediction_tahoe_regression/CVCL_1517.heldout_molecules/2026-05-26T01-00-15.771728.json
CVCL_1517,heldout_molecules,knn_baseline_avalon,knn,avalon,L2,6.224096486166943,0.0024774738387901593,0.02056015190457577,0.3344855292361761,0.4466775320603821,benchmark/benchmark/submissions_tahoe_lfc_heldout_molecules_fresh/expression/pert_prediction_tahoe_regression/CVCL_1517.heldout_molecules/2026-05-26T01-00-18.470606.json
CVCL_1517,heldout_molecules,knn_baseline_boltz_affinity_pred_value_fragment,knn,boltz_affinity_pred_value_fragment,L2,6.246629684056362,0.0024683307722335296,0.02062910355424368,0.33585142472260127,0.44575372916498657,benchmark/benchmark/submissions_tahoe_lfc_heldout_molecules_fresh/expression/pert_prediction_tahoe_regression/CVCL_1517.heldout_molecules/2026-05-26T01-00-02.024290.json
CVCL_1517,heldout_molecules,knn_baseline_boltz_affinity_pred_value_protein,knn,boltz_affinity_pred_value_protein,L2,6.251983850937339,0.0024796167489586573,0.020649138873640827,0.33389451495050804,0.443657063966097,benchmark/benchmark/submissions_tahoe_lfc_heldout_molecules_fresh/expression/pert_prediction_tahoe_regression/CVCL_1517.heldout_molecules/2026-05-26T01-00-02.192558.json
CVCL_1517,heldout_molecules,knn_baseline_chatgpt,knn,chatgpt,L2,6.183742836165729,0.0023929149674220837,0.020519650841853598,0.33449606703293083,0.4560235847136498,benchmark/benchmark/submissions_tahoe_lfc_heldout_molecules_fresh/expression/pert_prediction_tahoe_regression/CVCL_1517.heldout_molecules/2026-05-26T00-59-55.630609.json
CVCL_1517,heldout_molecules,knn_baseline_ecfp:2,knn,ecfp:2,L2,6.210620911702654,0.00246003764393782,0.020539321826371814,0.3390748129763626,0.4540073467678353,benchmark/benchmark/submissions_tahoe_lfc_heldout_molecules_fresh/expression/pert_prediction_tahoe_regression/CVCL_1517.heldout_molecules/2026-05-26T01-00-44.806378.json
CVCL_1517,heldout_molecules,knn_baseline_erg,knn,erg,L2,6.248451588884453,0.0024814192633042164,0.020683097830966515,0.32763310131599566,0.440693173352357,benchmark/benchmark/submissions_tahoe_lfc_heldout_molecules_fresh/expression/pert_prediction_tahoe_regression/CVCL_1517.heldout_molecules/2026-05-26T01-00-13.391843.json
CVCL_1517,heldout_molecules,knn_baseline_maccs,knn,maccs,L2,6.250775541593197,0.0024755406270317425,0.020683053730125595,0.3292149924466189,0.4401647807284199,benchmark/benchmark/submissions_tahoe_lfc_heldout_molecules_fresh/expression/pert_prediction_tahoe_regression/CVCL_1517.heldout_molecules/2026-05-26T00-59-55.273576.json
CVCL_1517,heldout_molecules,knn_baseline_morgan_initialized_lpm,knn,morgan_initialized_lpm,L2,6.273951832215064,0.0025146285036778296,0.02070033561295667,0.3272615516094581,0.42640014075376126,benchmark/benchmark/submissions_tahoe_lfc_heldout_molecules_fresh/expression/pert_prediction_tahoe_regression/CVCL_1517.heldout_molecules/2026-05-26T00-59-16.156552.json
CVCL_1517,heldout_molecules,knn_baseline_pca,knn,pca,L2,4.075902085263884,0.001218474069827668,0.013707945286152916,0.6541761741987879,0.8047094176432718,benchmark/benchmark/submissions_tahoe_lfc_heldout_molecules_fresh/expression/pert_prediction_tahoe_regression/CVCL_1517.heldout_molecules/2026-05-26T00-59-26.223565.json
CVCL_1517,heldout_molecules,knn_baseline_random,knn,random,L2,6.275268609407999,0.002503354119884555,0.020732104168286025,0.32303204493411214,0.43258159127043827,benchmark/benchmark/submissions_tahoe_lfc_heldout_molecules_fresh/expression/pert_prediction_tahoe_regression/CVCL_1517.heldout_molecules/2026-05-26T00-59-20.870527.json
CVCL_1517,heldout_molecules,knn_baseline_secfp,knn,secfp,L2,6.258085637353408,0.0025166415725233985,0.020662292565173983,0.3293440978922964,0.43924502506156216,benchmark/benchmark/submissions_tahoe_lfc_heldout_molecules_fresh/expression/pert_prediction_tahoe_regression/CVCL_1517.heldout_molecules/2026-05-26T01-00-08.972098.json
CVCL_1517,heldout_molecules,knn_baseline_topological,knn,topological,L2,6.237900072885894,0.002494442617180953,0.020613949624574555,0.33332099261450904,0.44488007958945575,benchmark/benchmark/submissions_tahoe_lfc_heldout_molecules_fresh/expression/pert_prediction_tahoe_regression/CVCL_1517.heldout_molecules/2026-05-26T00-59-56.644603.json
CVCL_1517,heldout_molecules,knn_baseline_unimol2-570m-H,knn,unimol2-570m-H,L2,6.2643179854001465,0.002479230985051873,0.020724964036596225,0.3240419336975294,0.43695957817283504,benchmark/benchmark/submissions_tahoe_lfc_heldout_molecules_fresh/expression/pert_prediction_tahoe_regression/CVCL_1517.heldout_molecules/2026-05-26T01-00-44.681922.json
CVCL_1517,heldout_molecules,lasso_baseline_ChemBERTa-77M-MLM,lasso,ChemBERTa-77M-MLM,L2,6.215467952508993,0.0024519402348249786,0.020551836223493488,0.33703760011512307,0.45231823480207795,benchmark/benchmark/submissions_tahoe_lfc_heldout_molecules_fresh/expression/pert_prediction_tahoe_regression/CVCL_1517.heldout_molecules/2026-05-26T00-59-46.487268.json
CVCL_1517,heldout_molecules,lasso_baseline_ChemBERTa-77M-MTR,lasso,ChemBERTa-77M-MTR,L2,6.213686239861934,0.0024519594460870185,0.020549722935265607,0.33689913149436146,0.45330406843078264,benchmark/benchmark/submissions_tahoe_lfc_heldout_molecules_fresh/expression/pert_prediction_tahoe_regression/CVCL_1517.heldout_molecules/2026-05-26T00-59-44.267761.json
CVCL_1517,heldout_molecules,lasso_baseline_MiniMol,lasso,MiniMol,L2,6.216561497987259,0.0024538559755358895,0.020555476789872826,0.33689293236726575,0.4527480871077439,benchmark/benchmark/submissions_tahoe_lfc_heldout_molecules_fresh/expression/pert_prediction_tahoe_regression/CVCL_1517.heldout_molecules/2026-05-26T01-00-07.075667.json
CVCL_1517,heldout_molecules,lasso_baseline_MolT5,lasso,MolT5,L2,6.241551848699579,0.002465479124707705,0.020610932186897413,0.33393219919172434,0.44395988047145496,benchmark/benchmark/submissions_tahoe_lfc_heldout_molecules_fresh/expression/pert_prediction_tahoe_regression/CVCL_1517.heldout_molecules/2026-05-26T01-00-27.373489.json
CVCL_1517,heldout_molecules,lasso_baseline_avalon,lasso,avalon,L2,6.216207511672593,0.002447392923509959,0.02054851711937633,0.33742801722352644,0.4515853066989295,benchmark/benchmark/submissions_tahoe_lfc_heldout_molecules_fresh/expression/pert_prediction_tahoe_regression/CVCL_1517.heldout_molecules/2026-05-26T01-00-35.074282.json
CVCL_1517,heldout_molecules,lasso_baseline_boltz_affinity_pred_value_fragment,lasso,boltz_affinity_pred_value_fragment,L2,6.218182304370553,0.0024568864153349823,0.020561607656917072,0.337560212143879,0.45432383517722486,benchmark/benchmark/submissions_tahoe_lfc_heldout_molecules_fresh/expression/pert_prediction_tahoe_regression/CVCL_1517.heldout_molecules/2026-05-26T01-00-18.153729.json
CVCL_1517,heldout_molecules,lasso_baseline_boltz_affinity_pred_value_protein,lasso,boltz_affinity_pred_value_protein,L2,6.22066153790706,0.0024576053959976304,0.02057216735191977,0.3370469480334423,0.45340789101749945,benchmark/benchmark/submissions_tahoe_lfc_heldout_molecules_fresh/expression/pert_prediction_tahoe_regression/CVCL_1517.heldout_molecules/2026-05-26T01-00-19.000336.json
CVCL_1517,heldout_molecules,lasso_baseline_chatgpt,lasso,chatgpt,L2,6.17537469911772,0.0024206537220845315,0.02047169139776119,0.34076112648367746,0.46417389307980167,benchmark/benchmark/submissions_tahoe_lfc_heldout_molecules_fresh/expression/pert_prediction_tahoe_regression/CVCL_1517.heldout_molecules/2026-05-26T01-00-07.286906.json
CVCL_1517,heldout_molecules,lasso_baseline_ecfp:2,lasso,ecfp:2,L2,6.223174080093422,0.0024601252412502148,0.020564082575755573,0.336639967823303,0.45041446732045143,benchmark/benchmark/submissions_tahoe_lfc_heldout_molecules_fresh/expression/pert_prediction_tahoe_regression/CVCL_1517.heldout_molecules/2026-05-26T01-00-55.676732.json
CVCL_1517,heldout_molecules,lasso_baseline_erg,lasso,erg,L2,6.218574329693881,0.002456529082856023,0.020556183078288454,0.33679035750277664,0.4516563401719859,benchmark/benchmark/submissions_tahoe_lfc_heldout_molecules_fresh/expression/pert_prediction_tahoe_regression/CVCL_1517.heldout_molecules/2026-05-26T01-00-27.991770.json
CVCL_1517,heldout_molecules,lasso_baseline_maccs,lasso,maccs,L2,6.216629389053411,0.0024556953650595025,0.020556333748351707,0.33677464253975126,0.4523534858171589,benchmark/benchmark/submissions_tahoe_lfc_heldout_molecules_fresh/expression/pert_prediction_tahoe_regression/CVCL_1517.heldout_molecules/2026-05-26T01-00-09.831987.json
CVCL_1517,heldout_molecules,lasso_baseline_morgan_initialized_lpm,lasso,morgan_initialized_lpm,L2,6.272707496481762,0.0024662820042148834,0.020579093638161648,0.33768010954331235,0.43146033736241396,benchmark/benchmark/submissions_tahoe_lfc_heldout_molecules_fresh/expression/pert_prediction_tahoe_regression/CVCL_1517.heldout_molecules/2026-05-26T00-59-32.338384.json
CVCL_1517,heldout_molecules,lasso_baseline_pca,lasso,pca,L2,2.692266179523447,0.0004392794879086906,0.010249946025196247,0.708563120003477,0.9054018222525786,benchmark/benchmark/submissions_tahoe_lfc_heldout_molecules_fresh/expression/pert_prediction_tahoe_regression/CVCL_1517.heldout_molecules/2026-05-26T00-59-46.142799.json
CVCL_1517,heldout_molecules,lasso_baseline_random,lasso,random,L2,6.220669128068996,0.002459646311963458,0.020559808945743233,0.33671228304504913,0.45101383608366824,benchmark/benchmark/submissions_tahoe_lfc_heldout_molecules_fresh/expression/pert_prediction_tahoe_regression/CVCL_1517.heldout_molecules/2026-05-26T00-59-36.108204.json
CVCL_1517,heldout_molecules,lasso_baseline_secfp,lasso,secfp,L2,6.220704994845326,0.00245688273120623,0.020557500254068835,0.33683583942628037,0.4511900925474974,benchmark/benchmark/submissions_tahoe_lfc_heldout_molecules_fresh/expression/pert_prediction_tahoe_regression/CVCL_1517.heldout_molecules/2026-05-26T01-00-24.793811.json
CVCL_1517,heldout_molecules,lasso_baseline_topological,lasso,topological,L2,6.22066320587057,0.002455107908082726,0.020559487068929884,0.33679623058587627,0.45109467126107267,benchmark/benchmark/submissions_tahoe_lfc_heldout_molecules_fresh/expression/pert_prediction_tahoe_regression/CVCL_1517.heldout_molecules/2026-05-26T01-00-11.315459.json
CVCL_1517,heldout_molecules,lasso_baseline_unimol2-570m-H,lasso,unimol2-570m-H,L2,6.220862086271351,0.002459632979077209,0.020560025881872567,0.3367127011498446,0.4509346988757749,benchmark/benchmark/submissions_tahoe_lfc_heldout_molecules_fresh/expression/pert_prediction_tahoe_regression/CVCL_1517.heldout_molecules/2026-05-26T01-00-55.565160.json
CVCL_1547,heldout_molecules,knn_baseline_ChemBERTa-77M-MLM,knn,ChemBERTa-77M-MLM,L2,5.672452318272367,0.0021273895402305915,0.018890129979861458,0.334317635430053,0.4480529524151441,benchmark/benchmark/submissions_tahoe_lfc_heldout_molecules_fresh/expression/pert_prediction_tahoe_regression/CVCL_1547.heldout_molecules/2026-05-26T01-00-54.812185.json
CVCL_1547,heldout_molecules,knn_baseline_ChemBERTa-77M-MTR,knn,ChemBERTa-77M-MTR,L2,5.633060711902683,0.002117852719648006,0.01874441318753351,0.3491072240885311,0.46465555147271814,benchmark/benchmark/submissions_tahoe_lfc_heldout_molecules_fresh/expression/pert_prediction_tahoe_regression/CVCL_1547.heldout_molecules/2026-05-26T01-00-50.756450.json
CVCL_1547,heldout_molecules,knn_baseline_MiniMol,knn,MiniMol,L2,5.558796666466249,0.0020689720969344714,0.018532780374268205,0.36643702273323364,0.4871787628458579,benchmark/benchmark/submissions_tahoe_lfc_heldout_molecules_fresh/expression/pert_prediction_tahoe_regression/CVCL_1547.heldout_molecules/2026-05-26T01-01-31.432383.json
CVCL_1547,heldout_molecules,knn_baseline_MolT5,knn,MolT5,L2,5.677438430006076,0.0021314659747084345,0.018875788948478304,0.33874523288677993,0.449170380164169,benchmark/benchmark/submissions_tahoe_lfc_heldout_molecules_fresh/expression/pert_prediction_tahoe_regression/CVCL_1547.heldout_molecules/2026-05-26T01-01-38.132471.json
CVCL_1547,heldout_molecules,knn_baseline_avalon,knn,avalon,L2,5.613611348118756,0.0021254955928654345,0.01868470621676022,0.35236476859215954,0.46987430531258095,benchmark/benchmark/submissions_tahoe_lfc_heldout_molecules_fresh/expression/pert_prediction_tahoe_regression/CVCL_1547.heldout_molecules/2026-05-26T01-01-44.312804.json
CVCL_1547,heldout_molecules,knn_baseline_boltz_affinity_pred_value_fragment,knn,boltz_affinity_pred_value_fragment,L2,5.633668768566649,0.002115127405022573,0.018750641221700334,0.3505592062004467,0.4657755784941148,benchmark/benchmark/submissions_tahoe_lfc_heldout_molecules_fresh/expression/pert_prediction_tahoe_regression/CVCL_1547.heldout_molecules/2026-05-26T01-01-32.064003.json
CVCL_1547,heldout_molecules,knn_baseline_boltz_affinity_pred_value_protein,knn,boltz_affinity_pred_value_protein,L2,5.6399167060229285,0.002125866804345211,0.018760814319475703,0.3486377189569178,0.4625783701370885,benchmark/benchmark/submissions_tahoe_lfc_heldout_molecules_fresh/expression/pert_prediction_tahoe_regression/CVCL_1547.heldout_molecules/2026-05-26T01-01-32.054160.json
CVCL_1547,heldout_molecules,knn_baseline_chatgpt,knn,chatgpt,L2,5.609850735277432,0.002084124062064422,0.01872952528679118,0.3449040680739849,0.4663350831535713,benchmark/benchmark/submissions_tahoe_lfc_heldout_molecules_fresh/expression/pert_prediction_tahoe_regression/CVCL_1547.heldout_molecules/2026-05-26T01-01-01.539161.json
CVCL_1547,heldout_molecules,knn_baseline_ecfp:2,knn,ecfp:2,L2,5.632243595156375,0.0021224247720777146,0.01875298472381961,0.3458834738501539,0.4617214471626603,benchmark/benchmark/submissions_tahoe_lfc_heldout_molecules_fresh/expression/pert_prediction_tahoe_regression/CVCL_1547.heldout_molecules/2026-05-26T01-01-49.186840.json
CVCL_1547,heldout_molecules,knn_baseline_erg,knn,erg,L2,5.641229573228345,0.0021313592937853955,0.018798311414847543,0.34364240501209176,0.4599255585869911,benchmark/benchmark/submissions_tahoe_lfc_heldout_molecules_fresh/expression/pert_prediction_tahoe_regression/CVCL_1547.heldout_molecules/2026-05-26T01-01-37.604052.json
CVCL_1547,heldout_molecules,knn_baseline_maccs,knn,maccs,L2,5.620610402070142,0.0021161406055830814,0.018709238452085396,0.3527920112978179,0.4688947892163532,benchmark/benchmark/submissions_tahoe_lfc_heldout_molecules_fresh/expression/pert_prediction_tahoe_regression/CVCL_1547.heldout_molecules/2026-05-26T01-01-01.822118.json
CVCL_1547,heldout_molecules,knn_baseline_morgan_initialized_lpm,knn,morgan_initialized_lpm,L2,5.645773887967793,0.0021555185781068236,0.018783807293868564,0.3428707800748257,0.4524774592340606,benchmark/benchmark/submissions_tahoe_lfc_heldout_molecules_fresh/expression/pert_prediction_tahoe_regression/CVCL_1547.heldout_molecules/2026-05-26T01-00-43.686688.json
CVCL_1547,heldout_molecules,knn_baseline_pca,knn,pca,L2,3.8335036364057533,0.0011684053831248606,0.013118951224780044,0.6371385352490031,0.7958250529893274,benchmark/benchmark/submissions_tahoe_lfc_heldout_molecules_fresh/expression/pert_prediction_tahoe_regression/CVCL_1547.heldout_molecules/2026-05-26T01-00-49.453589.json
CVCL_1547,heldout_molecules,knn_baseline_random,knn,random,L2,5.650333376964439,0.002139542184271088,0.018809418556841276,0.34018264164286804,0.4563621253124553,benchmark/benchmark/submissions_tahoe_lfc_heldout_molecules_fresh/expression/pert_prediction_tahoe_regression/CVCL_1547.heldout_molecules/2026-05-26T01-00-44.057330.json
CVCL_1547,heldout_molecules,knn_baseline_secfp,knn,secfp,L2,5.6313520678787,0.0021531101850097846,0.01873909083904369,0.3491860350958555,0.46569488711211343,benchmark/benchmark/submissions_tahoe_lfc_heldout_molecules_fresh/expression/pert_prediction_tahoe_regression/CVCL_1547.heldout_molecules/2026-05-26T01-01-32.731787.json
CVCL_1547,heldout_molecules,knn_baseline_topological,knn,topological,L2,5.6406831385678755,0.002146181105223284,0.01877905305317016,0.34633502288751244,0.4616052968430887,benchmark/benchmark/submissions_tahoe_lfc_heldout_molecules_fresh/expression/pert_prediction_tahoe_regression/CVCL_1547.heldout_molecules/2026-05-26T01-01-05.390119.json
CVCL_1547,heldout_molecules,knn_baseline_unimol2-570m-H,knn,unimol2-570m-H,L2,5.661866215781934,0.0021313955353298485,0.018843806391487892,0.3390959102796747,0.4524425060724008,benchmark/benchmark/submissions_tahoe_lfc_heldout_molecules_fresh/expression/pert_prediction_tahoe_regression/CVCL_1547.heldout_molecules/2026-05-26T01-01-53.139837.json
CVCL_1547,heldout_molecules,lasso_baseline_ChemBERTa-77M-MLM,lasso,ChemBERTa-77M-MLM,L2,5.609630545670708,0.00211085121991244,0.018675711576521217,0.3529315171952085,0.4708855477993456,benchmark/benchmark/submissions_tahoe_lfc_heldout_molecules_fresh/expression/pert_prediction_tahoe_regression/CVCL_1547.heldout_molecules/2026-05-26T01-01-11.618790.json
CVCL_1547,heldout_molecules,lasso_baseline_ChemBERTa-77M-MTR,lasso,ChemBERTa-77M-MTR,L2,5.6116789388231965,0.002114674155517546,0.018678227139031573,0.3526760133516966,0.46998510998372106,benchmark/benchmark/submissions_tahoe_lfc_heldout_molecules_fresh/expression/pert_prediction_tahoe_regression/CVCL_1547.heldout_molecules/2026-05-26T01-01-06.825406.json
CVCL_1547,heldout_molecules,lasso_baseline_MiniMol,lasso,MiniMol,L2,5.601598439631655,0.0021065615779344514,0.018663517754262844,0.3533920445136076,0.4738955717916183,benchmark/benchmark/submissions_tahoe_lfc_heldout_molecules_fresh/expression/pert_prediction_tahoe_regression/CVCL_1547.heldout_molecules/2026-05-26T01-01-42.565043.json
CVCL_1547,heldout_molecules,lasso_baseline_MolT5,lasso,MolT5,L2,5.617668733749557,0.0021109053192309877,0.018694535842313616,0.3517911965330227,0.46795453603214743,benchmark/benchmark/submissions_tahoe_lfc_heldout_molecules_fresh/expression/pert_prediction_tahoe_regression/CVCL_1547.heldout_molecules/2026-05-26T01-01-51.471930.json
CVCL_1547,heldout_molecules,lasso_baseline_avalon,lasso,avalon,L2,5.61427595041757,0.0021074702382517002,0.018682409677218768,0.3525115820858332,0.46723215857609324,benchmark/benchmark/submissions_tahoe_lfc_heldout_molecules_fresh/expression/pert_prediction_tahoe_regression/CVCL_1547.heldout_molecules/2026-05-26T01-02-00.947987.json
CVCL_1547,heldout_molecules,lasso_baseline_boltz_affinity_pred_value_fragment,lasso,boltz_affinity_pred_value_fragment,L2,5.608944377358212,0.0021130815355604746,0.01867604348156945,0.3527789543238157,0.47100626334492146,benchmark/benchmark/submissions_tahoe_lfc_heldout_molecules_fresh/expression/pert_prediction_tahoe_regression/CVCL_1547.heldout_molecules/2026-05-26T01-01-46.328512.json
CVCL_1547,heldout_molecules,lasso_baseline_boltz_affinity_pred_value_protein,lasso,boltz_affinity_pred_value_protein,L2,5.611983722463971,0.0021139563312958143,0.018691251570263266,0.3526276637756201,0.47142552971785284,benchmark/benchmark/submissions_tahoe_lfc_heldout_molecules_fresh/expression/pert_prediction_tahoe_regression/CVCL_1547.heldout_molecules/2026-05-26T01-01-46.878079.json
CVCL_1547,heldout_molecules,lasso_baseline_chatgpt,lasso,chatgpt,L2,5.577730676091849,0.002088707030995168,0.018615076170301812,0.35547016140954557,0.4788526476500078,benchmark/benchmark/submissions_tahoe_lfc_heldout_molecules_fresh/expression/pert_prediction_tahoe_regression/CVCL_1547.heldout_molecules/2026-05-26T01-01-13.615994.json
CVCL_1547,heldout_molecules,lasso_baseline_ecfp:2,lasso,ecfp:2,L2,5.612411029337692,0.0021142367893205857,0.018680082356197822,0.3527153325592143,0.46965696985028726,benchmark/benchmark/submissions_tahoe_lfc_heldout_molecules_fresh/expression/pert_prediction_tahoe_regression/CVCL_1547.heldout_molecules/2026-05-26T01-02-02.638616.json
CVCL_1547,heldout_molecules,lasso_baseline_erg,lasso,erg,L2,5.6116789388231965,0.002114674155517546,0.018678227139031573,0.3526760133516966,0.46998510998372106,benchmark/benchmark/submissions_tahoe_lfc_heldout_molecules_fresh/expression/pert_prediction_tahoe_regression/CVCL_1547.heldout_molecules/2026-05-26T01-01-53.634770.json
CVCL_1547,heldout_molecules,lasso_baseline_maccs,lasso,maccs,L2,5.608937736520278,0.0021119652068642986,0.018676228501906714,0.3527199908934661,0.4712701227201978,benchmark/benchmark/submissions_tahoe_lfc_heldout_molecules_fresh/expression/pert_prediction_tahoe_regression/CVCL_1547.heldout_molecules/2026-05-26T01-01-18.140784.json
CVCL_1547,heldout_molecules,lasso_baseline_morgan_initialized_lpm,lasso,morgan_initialized_lpm,L2,5.705048248957038,0.0021449611343835936,0.018760419320005522,0.35377327931696856,0.4424890867283862,benchmark/benchmark/submissions_tahoe_lfc_heldout_molecules_fresh/expression/pert_prediction_tahoe_regression/CVCL_1547.heldout_molecules/2026-05-26T01-00-58.469282.json
CVCL_1547,heldout_molecules,lasso_baseline_pca,lasso,pca,L2,2.7084009465897867,0.0005490734417385471,0.010366208572768244,0.6848408864216138,0.8897562377304029,benchmark/benchmark/submissions_tahoe_lfc_heldout_molecules_fresh/expression/pert_prediction_tahoe_regression/CVCL_1547.heldout_molecules/2026-05-26T01-01-12.235202.json
CVCL_1547,heldout_molecules,lasso_baseline_random,lasso,random,L2,5.6116789388231965,0.002114674155517546,0.018678227139031573,0.3526760133516966,0.46998510998372106,benchmark/benchmark/submissions_tahoe_lfc_heldout_molecules_fresh/expression/pert_prediction_tahoe_regression/CVCL_1547.heldout_molecules/2026-05-26T01-00-57.955229.json
CVCL_1547,heldout_molecules,lasso_baseline_secfp,lasso,secfp,L2,5.61126471324581,0.002111912213226925,0.01867895547666672,0.3526953778330645,0.47004555032395867,benchmark/benchmark/submissions_tahoe_lfc_heldout_molecules_fresh/expression/pert_prediction_tahoe_regression/CVCL_1547.heldout_molecules/2026-05-26T01-01-47.621618.json
CVCL_1547,heldout_molecules,lasso_baseline_topological,lasso,topological,L2,5.6127784964217025,0.002111641821459235,0.01867976271317983,0.35267778848103276,0.46949862683296173,benchmark/benchmark/submissions_tahoe_lfc_heldout_molecules_fresh/expression/pert_prediction_tahoe_regression/CVCL_1547.heldout_molecules/2026-05-26T01-01-22.386554.json
CVCL_1547,heldout_molecules,lasso_baseline_unimol2-570m-H,lasso,unimol2-570m-H,L2,5.6113313732525745,0.002114416246405456,0.018678034408139785,0.3527027883058877,0.470101967804053,benchmark/benchmark/submissions_tahoe_lfc_heldout_molecules_fresh/expression/pert_prediction_tahoe_regression/CVCL_1547.heldout_molecules/2026-05-26T01-02-04.689477.json
CVCL_1550,heldout_molecules,knn_baseline_ChemBERTa-77M-MLM,knn,ChemBERTa-77M-MLM,L2,5.451607835994018,0.0019245416664848726,0.017326288683971864,0.32792044785338165,0.4539018450520009,benchmark/benchmark/submissions_tahoe_lfc_heldout_molecules_fresh/expression/pert_prediction_tahoe_regression/CVCL_1550.heldout_molecules/2026-05-26T01-02-18.370002.json
CVCL_1550,heldout_molecules,knn_baseline_ChemBERTa-77M-MTR,knn,ChemBERTa-77M-MTR,L2,5.375915013878985,0.0018967274472511898,0.017049960999272713,0.3497562064076574,0.4804975066474193,benchmark/benchmark/submissions_tahoe_lfc_heldout_molecules_fresh/expression/pert_prediction_tahoe_regression/CVCL_1550.heldout_molecules/2026-05-26T01-02-18.268981.json
CVCL_1550,heldout_molecules,knn_baseline_MiniMol,knn,MiniMol,L2,5.3198035913505635,0.001865496952246361,0.016890199162014445,0.36371650647901793,0.4976418470659252,benchmark/benchmark/submissions_tahoe_lfc_heldout_molecules_fresh/expression/pert_prediction_tahoe_regression/CVCL_1550.heldout_molecules/2026-05-26T01-02-35.991058.json
CVCL_1550,heldout_molecules,knn_baseline_MolT5,knn,MolT5,L2,5.432982447499278,0.0019184299075064367,0.017258681451969266,0.33552147517568676,0.4626607437343554,benchmark/benchmark/submissions_tahoe_lfc_heldout_molecules_fresh/expression/pert_prediction_tahoe_regression/CVCL_1550.heldout_molecules/2026-05-26T01-03-05.956353.json
CVCL_1550,heldout_molecules,knn_baseline_avalon,knn,avalon,L2,5.386030324198041,0.0019222310118369953,0.017063280187648,0.3480087497460253,0.47640509649163365,benchmark/benchmark/submissions_tahoe_lfc_heldout_molecules_fresh/expression/pert_prediction_tahoe_regression/CVCL_1550.heldout_molecules/2026-05-26T01-03-07.464388.json
CVCL_1550,heldout_molecules,knn_baseline_boltz_affinity_pred_value_fragment,knn,boltz_affinity_pred_value_fragment,L2,5.384848091796154,0.0019009895218982508,0.017081881280196252,0.35083326371263135,0.4800619895060694,benchmark/benchmark/submissions_tahoe_lfc_heldout_molecules_fresh/expression/pert_prediction_tahoe_regression/CVCL_1550.heldout_molecules/2026-05-26T01-02-38.908190.json
CVCL_1550,heldout_molecules,knn_baseline_boltz_affinity_pred_value_protein,knn,boltz_affinity_pred_value_protein,L2,5.396574049795959,0.0019128272603621327,0.01710732272836601,0.34850983559177673,0.4764391871754048,benchmark/benchmark/submissions_tahoe_lfc_heldout_molecules_fresh/expression/pert_prediction_tahoe_regression/CVCL_1550.heldout_molecules/2026-05-26T01-02-41.813688.json
CVCL_1550,heldout_molecules,knn_baseline_chatgpt,knn,chatgpt,L2,5.368411730795559,0.0018591701624941317,0.017092152886527653,0.34360825227397057,0.4791925854894896,benchmark/benchmark/submissions_tahoe_lfc_heldout_molecules_fresh/expression/pert_prediction_tahoe_regression/CVCL_1550.heldout_molecules/2026-05-26T01-02-23.997514.json
CVCL_1550,heldout_molecules,knn_baseline_ecfp:2,knn,ecfp:2,L2,5.368352530638151,0.001905760371381492,0.017056414962196016,0.34871152714847614,0.4824432956322864,benchmark/benchmark/submissions_tahoe_lfc_heldout_molecules_fresh/expression/pert_prediction_tahoe_regression/CVCL_1550.heldout_molecules/2026-05-26T01-03-12.520263.json
CVCL_1550,heldout_molecules,knn_baseline_erg,knn,erg,L2,5.381696192061777,0.001904427920399877,0.017095357252388796,0.3468685363946219,0.47982123708320557,benchmark/benchmark/submissions_tahoe_lfc_heldout_molecules_fresh/expression/pert_prediction_tahoe_regression/CVCL_1550.heldout_molecules/2026-05-26T01-03-05.539307.json
CVCL_1550,heldout_molecules,knn_baseline_maccs,knn,maccs,L2,5.39119640386902,0.0019103593488146913,0.017101625763755075,0.34707895162241575,0.4760196174700242,benchmark/benchmark/submissions_tahoe_lfc_heldout_molecules_fresh/expression/pert_prediction_tahoe_regression/CVCL_1550.heldout_molecules/2026-05-26T01-02-23.793049.json
CVCL_1550,heldout_molecules,knn_baseline_morgan_initialized_lpm,knn,morgan_initialized_lpm,L2,5.408762462567597,0.0019392634741311864,0.01712591366312119,0.3400727430207884,0.46489178496877626,benchmark/benchmark/submissions_tahoe_lfc_heldout_molecules_fresh/expression/pert_prediction_tahoe_regression/CVCL_1550.heldout_molecules/2026-05-26T01-01-53.377095.json
CVCL_1550,heldout_molecules,knn_baseline_pca,knn,pca,L2,3.7724290553833035,0.0010957718926633028,0.012128804050766119,0.6376016379498635,0.7914265710641005,benchmark/benchmark/submissions_tahoe_lfc_heldout_molecules_fresh/expression/pert_prediction_tahoe_regression/CVCL_1550.heldout_molecules/2026-05-26T01-02-17.693502.json
CVCL_1550,heldout_molecules,knn_baseline_random,knn,random,L2,5.394530991843578,0.0019140961282247352,0.017135193368262344,0.3416582676791609,0.46987160340817197,benchmark/benchmark/submissions_tahoe_lfc_heldout_molecules_fresh/expression/pert_prediction_tahoe_regression/CVCL_1550.heldout_molecules/2026-05-26T01-02-17.582744.json
CVCL_1550,heldout_molecules,knn_baseline_secfp,knn,secfp,L2,5.3946638953061745,0.0019414277746194072,0.01709450258107692,0.34573146900331,0.47765473209519616,benchmark/benchmark/submissions_tahoe_lfc_heldout_molecules_fresh/expression/pert_prediction_tahoe_regression/CVCL_1550.heldout_molecules/2026-05-26T01-03-07.558992.json
CVCL_1550,heldout_molecules,knn_baseline_topological,knn,topological,L2,5.393578950967124,0.0019292391900409375,0.017098757234582446,0.3456845027337949,0.47618555098658,benchmark/benchmark/submissions_tahoe_lfc_heldout_molecules_fresh/expression/pert_prediction_tahoe_regression/CVCL_1550.heldout_molecules/2026-05-26T01-02-30.228791.json
CVCL_1550,heldout_molecules,knn_baseline_unimol2-570m-H,knn,unimol2-570m-H,L2,5.404528835940912,0.001907149014229292,0.01716359930833108,0.34033302021908834,0.4717887017813811,benchmark/benchmark/submissions_tahoe_lfc_heldout_molecules_fresh/expression/pert_prediction_tahoe_regression/CVCL_1550.heldout_molecules/2026-05-26T01-03-13.859746.json
CVCL_1550,heldout_molecules,lasso_baseline_ChemBERTa-77M-MLM,lasso,ChemBERTa-77M-MLM,L2,5.381815592708339,0.0019054625836782476,0.0170790783546594,0.3463540478435795,0.47749247736752415,benchmark/benchmark/submissions_tahoe_lfc_heldout_molecules_fresh/expression/pert_prediction_tahoe_regression/CVCL_1550.heldout_molecules/2026-05-26T01-02-32.514613.json
CVCL_1550,heldout_molecules,lasso_baseline_ChemBERTa-77M-MTR,lasso,ChemBERTa-77M-MTR,L2,5.376636904048709,0.0019037744541334771,0.017074764779239058,0.3463371618192649,0.4798686735240858,benchmark/benchmark/submissions_tahoe_lfc_heldout_molecules_fresh/expression/pert_prediction_tahoe_regression/CVCL_1550.heldout_molecules/2026-05-26T01-02-32.603197.json
CVCL_1550,heldout_molecules,lasso_baseline_MiniMol,lasso,MiniMol,L2,5.368978976947183,0.001899645212046656,0.017055449313648486,0.34707516916091297,0.48226366262469067,benchmark/benchmark/submissions_tahoe_lfc_heldout_molecules_fresh/expression/pert_prediction_tahoe_regression/CVCL_1550.heldout_molecules/2026-05-26T01-02-48.791601.json
CVCL_1550,heldout_molecules,lasso_baseline_MolT5,lasso,MolT5,L2,5.386620762221085,0.0019051285566001697,0.017092012446152962,0.3454558471167514,0.4757282621788955,benchmark/benchmark/submissions_tahoe_lfc_heldout_molecules_fresh/expression/pert_prediction_tahoe_regression/CVCL_1550.heldout_molecules/2026-05-26T01-03-17.029337.json
CVCL_1550,heldout_molecules,lasso_baseline_avalon,lasso,avalon,L2,5.38124137138643,0.0018988799138825285,0.01707139805487334,0.34727687140338626,0.47738256382365696,benchmark/benchmark/submissions_tahoe_lfc_heldout_molecules_fresh/expression/pert_prediction_tahoe_regression/CVCL_1550.heldout_molecules/2026-05-26T01-03-21.737244.json
CVCL_1550,heldout_molecules,lasso_baseline_boltz_affinity_pred_value_fragment,lasso,boltz_affinity_pred_value_fragment,L2,5.367557325870126,0.001899774997190355,0.01704355492555846,0.34941116930217325,0.4846580972722552,benchmark/benchmark/submissions_tahoe_lfc_heldout_molecules_fresh/expression/pert_prediction_tahoe_regression/CVCL_1550.heldout_molecules/2026-05-26T01-02-53.545327.json
CVCL_1550,heldout_molecules,lasso_baseline_boltz_affinity_pred_value_protein,lasso,boltz_affinity_pred_value_protein,L2,5.370877175131266,0.0019003855727257133,0.017048219042102488,0.34885758622093577,0.483102336995267,benchmark/benchmark/submissions_tahoe_lfc_heldout_molecules_fresh/expression/pert_prediction_tahoe_regression/CVCL_1550.heldout_molecules/2026-05-26T01-02-56.740846.json
CVCL_1550,heldout_molecules,lasso_baseline_chatgpt,lasso,chatgpt,L2,5.336144417768246,0.001873761799281206,0.016973852213093932,0.35113324575802835,0.49030295177244865,benchmark/benchmark/submissions_tahoe_lfc_heldout_molecules_fresh/expression/pert_prediction_tahoe_regression/CVCL_1550.heldout_molecules/2026-05-26T01-02-36.119783.json
CVCL_1550,heldout_molecules,lasso_baseline_ecfp:2,lasso,ecfp:2,L2,5.387138432500285,0.0019105772477971592,0.017089516815427183,0.34597712609315545,0.4760665064217747,benchmark/benchmark/submissions_tahoe_lfc_heldout_molecules_fresh/expression/pert_prediction_tahoe_regression/CVCL_1550.heldout_molecules/2026-05-26T01-03-24.305681.json
CVCL_1550,heldout_molecules,lasso_baseline_erg,lasso,erg,L2,5.382478901273142,0.0019078814148884755,0.01708157219274453,0.34611915263717863,0.47741518339321953,benchmark/benchmark/submissions_tahoe_lfc_heldout_molecules_fresh/expression/pert_prediction_tahoe_regression/CVCL_1550.heldout_molecules/2026-05-26T01-03-20.244056.json
CVCL_1550,heldout_molecules,lasso_baseline_maccs,lasso,maccs,L2,5.379826427353372,0.0019059893544257549,0.01707849394301601,0.3461548176862565,0.4784443466709963,benchmark/benchmark/submissions_tahoe_lfc_heldout_molecules_fresh/expression/pert_prediction_tahoe_regression/CVCL_1550.heldout_molecules/2026-05-26T01-02-39.234710.json
CVCL_1550,heldout_molecules,lasso_baseline_morgan_initialized_lpm,lasso,morgan_initialized_lpm,L2,5.505643844481955,0.0019589391247415307,0.017231666941786985,0.34498539431424063,0.44422663601673074,benchmark/benchmark/submissions_tahoe_lfc_heldout_molecules_fresh/expression/pert_prediction_tahoe_regression/CVCL_1550.heldout_molecules/2026-05-26T01-02-09.538317.json
CVCL_1550,heldout_molecules,lasso_baseline_pca,lasso,pca,L2,2.4498982136970713,0.00038939365998126943,0.008994272776773702,0.6896266801631341,0.9043492448695764,benchmark/benchmark/submissions_tahoe_lfc_heldout_molecules_fresh/expression/pert_prediction_tahoe_regression/CVCL_1550.heldout_molecules/2026-05-26T01-02-36.824176.json
CVCL_1550,heldout_molecules,lasso_baseline_random,lasso,random,L2,5.382478901273142,0.0019078814148884755,0.01708157219274453,0.34611915263717863,0.47741518339321953,benchmark/benchmark/submissions_tahoe_lfc_heldout_molecules_fresh/expression/pert_prediction_tahoe_regression/CVCL_1550.heldout_molecules/2026-05-26T01-02-31.704511.json
CVCL_1550,heldout_molecules,lasso_baseline_secfp,lasso,secfp,L2,5.382877739541875,0.0019077565512347408,0.01708204938203802,0.3461290005629939,0.4775358427548388,benchmark/benchmark/submissions_tahoe_lfc_heldout_molecules_fresh/expression/pert_prediction_tahoe_regression/CVCL_1550.heldout_molecules/2026-05-26T01-03-21.270627.json
CVCL_1550,heldout_molecules,lasso_baseline_topological,lasso,topological,L2,5.381867262507357,0.001905407827052147,0.01707928414392868,0.34631839191998687,0.4778241814406665,benchmark/benchmark/submissions_tahoe_lfc_heldout_molecules_fresh/expression/pert_prediction_tahoe_regression/CVCL_1550.heldout_molecules/2026-05-26T01-02-46.237173.json
CVCL_1550,heldout_molecules,lasso_baseline_unimol2-570m-H,lasso,unimol2-570m-H,L2,5.38244102201957,0.001907813117765361,0.017081614261012484,0.34611869064524253,0.47742678480182016,benchmark/benchmark/submissions_tahoe_lfc_heldout_molecules_fresh/expression/pert_prediction_tahoe_regression/CVCL_1550.heldout_molecules/2026-05-26T01-03-26.037685.json
CVCL_1635,heldout_molecules,knn_baseline_ChemBERTa-77M-MLM,knn,ChemBERTa-77M-MLM,L2,5.564275428129498,0.0020263672324267934,0.01805400547684385,0.3314908798267111,0.44555263814907264,benchmark/benchmark/submissions_tahoe_lfc_heldout_molecules_fresh/expression/pert_prediction_tahoe_regression/CVCL_1635.heldout_molecules/2026-05-26T01-03-55.138954.json
CVCL_1635,heldout_molecules,knn_baseline_ChemBERTa-77M-MTR,knn,ChemBERTa-77M-MTR,L2,5.5054302733850475,0.0020034951099334596,0.0178857780676009,0.3486369796216906,0.4685134772011363,benchmark/benchmark/submissions_tahoe_lfc_heldout_molecules_fresh/expression/pert_prediction_tahoe_regression/CVCL_1635.heldout_molecules/2026-05-26T01-03-27.370966.json
CVCL_1635,heldout_molecules,knn_baseline_MiniMol,knn,MiniMol,L2,5.443778176518964,0.0019652652117345183,0.017701798222401817,0.36516550148999816,0.4874699874121293,benchmark/benchmark/submissions_tahoe_lfc_heldout_molecules_fresh/expression/pert_prediction_tahoe_regression/CVCL_1635.heldout_molecules/2026-05-26T01-04-01.364536.json
CVCL_1635,heldout_molecules,knn_baseline_MolT5,knn,MolT5,L2,5.542797053605714,0.0020163230734583106,0.01799146591905713,0.33989813736603797,0.4547407385636645,benchmark/benchmark/submissions_tahoe_lfc_heldout_molecules_fresh/expression/pert_prediction_tahoe_regression/CVCL_1635.heldout_molecules/2026-05-26T01-04-17.885341.json
CVCL_1635,heldout_molecules,knn_baseline_avalon,knn,avalon,L2,5.508903393445503,0.0020212048555554207,0.017888720928985954,0.3496018567755731,0.46545255928577833,benchmark/benchmark/submissions_tahoe_lfc_heldout_molecules_fresh/expression/pert_prediction_tahoe_regression/CVCL_1635.heldout_molecules/2026-05-26T01-04-40.860695.json
CVCL_1635,heldout_molecules,knn_baseline_boltz_affinity_pred_value_fragment,knn,boltz_affinity_pred_value_fragment,L2,5.50800993394219,0.001999357597796474,0.01787875651777227,0.351717161338014,0.46861843349341187,benchmark/benchmark/submissions_tahoe_lfc_heldout_molecules_fresh/expression/pert_prediction_tahoe_regression/CVCL_1635.heldout_molecules/2026-05-26T01-04-02.590979.json
CVCL_1635,heldout_molecules,knn_baseline_boltz_affinity_pred_value_protein,knn,boltz_affinity_pred_value_protein,L2,5.5120402007859255,0.0020041784124671933,0.01789344293396874,0.34974088759659444,0.46716555469126,benchmark/benchmark/submissions_tahoe_lfc_heldout_molecules_fresh/expression/pert_prediction_tahoe_regression/CVCL_1635.heldout_molecules/2026-05-26T01-04-07.075265.json
CVCL_1635,heldout_molecules,knn_baseline_chatgpt,knn,chatgpt,L2,5.506781364840361,0.001976807207466975,0.017947935344327544,0.3403537573952535,0.46628077238710697,benchmark/benchmark/submissions_tahoe_lfc_heldout_molecules_fresh/expression/pert_prediction_tahoe_regression/CVCL_1635.heldout_molecules/2026-05-26T01-03-55.466348.json
CVCL_1635,heldout_molecules,knn_baseline_ecfp:2,knn,ecfp:2,L2,5.480762717023753,0.0019944911909596757,0.017811619891880903,0.3551764958256264,0.47334090203071794,benchmark/benchmark/submissions_tahoe_lfc_heldout_molecules_fresh/expression/pert_prediction_tahoe_regression/CVCL_1635.heldout_molecules/2026-05-26T01-04-40.518143.json
CVCL_1635,heldout_molecules,knn_baseline_erg,knn,erg,L2,5.5124986403237815,0.0020112291830626113,0.017925580780150857,0.3457880362936835,0.4651955972705156,benchmark/benchmark/submissions_tahoe_lfc_heldout_molecules_fresh/expression/pert_prediction_tahoe_regression/CVCL_1635.heldout_molecules/2026-05-26T01-04-15.744874.json
CVCL_1635,heldout_molecules,knn_baseline_maccs,knn,maccs,L2,5.506843766462037,0.002011463495034024,0.017884403178894708,0.35033628365244573,0.46741673975270137,benchmark/benchmark/submissions_tahoe_lfc_heldout_molecules_fresh/expression/pert_prediction_tahoe_regression/CVCL_1635.heldout_molecules/2026-05-26T01-03-54.907574.json
CVCL_1635,heldout_molecules,knn_baseline_morgan_initialized_lpm,knn,morgan_initialized_lpm,L2,5.537422283664623,0.002045912382678986,0.017966726022630733,0.3407602900454333,0.45159381898675677,benchmark/benchmark/submissions_tahoe_lfc_heldout_molecules_fresh/expression/pert_prediction_tahoe_regression/CVCL_1635.heldout_molecules/2026-05-26T01-03-17.331393.json
CVCL_1635,heldout_molecules,knn_baseline_pca,knn,pca,L2,3.855981215483073,0.0011565865410115132,0.012760689314972632,0.6230860519860068,0.7774631259449717,benchmark/benchmark/submissions_tahoe_lfc_heldout_molecules_fresh/expression/pert_prediction_tahoe_regression/CVCL_1635.heldout_molecules/2026-05-26T01-03-25.529521.json
CVCL_1635,heldout_molecules,knn_baseline_random,knn,random,L2,5.522616902386781,0.0020159864207133227,0.017939651180994103,0.3425161852769204,0.4599019422747942,benchmark/benchmark/submissions_tahoe_lfc_heldout_molecules_fresh/expression/pert_prediction_tahoe_regression/CVCL_1635.heldout_molecules/2026-05-26T01-03-22.009203.json
CVCL_1635,heldout_molecules,knn_baseline_secfp,knn,secfp,L2,5.512596125695745,0.002030090089365002,0.017908148063028543,0.34848090399005355,0.4680856159049373,benchmark/benchmark/submissions_tahoe_lfc_heldout_molecules_fresh/expression/pert_prediction_tahoe_regression/CVCL_1635.heldout_molecules/2026-05-26T01-04-14.393456.json
CVCL_1635,heldout_molecules,knn_baseline_topological,knn,topological,L2,5.52563004060819,0.0020291492812244804,0.017943218382166785,0.34578854148538124,0.461560751820024,benchmark/benchmark/submissions_tahoe_lfc_heldout_molecules_fresh/expression/pert_prediction_tahoe_regression/CVCL_1635.heldout_molecules/2026-05-26T01-03-56.531934.json
CVCL_1635,heldout_molecules,knn_baseline_unimol2-570m-H,knn,unimol2-570m-H,L2,5.53016685365604,0.0020100035126541776,0.017960943720168723,0.3409361573923305,0.4589451201162072,benchmark/benchmark/submissions_tahoe_lfc_heldout_molecules_fresh/expression/pert_prediction_tahoe_regression/CVCL_1635.heldout_molecules/2026-05-26T01-04-40.690831.json
CVCL_1635,heldout_molecules,lasso_baseline_ChemBERTa-77M-MLM,lasso,ChemBERTa-77M-MLM,L2,5.494877861173555,0.0019993881781839645,0.017842046393170493,0.3521378064189596,0.47084074642128365,benchmark/benchmark/submissions_tahoe_lfc_heldout_molecules_fresh/expression/pert_prediction_tahoe_regression/CVCL_1635.heldout_molecules/2026-05-26T01-04-10.068176.json
CVCL_1635,heldout_molecules,lasso_baseline_ChemBERTa-77M-MTR,lasso,ChemBERTa-77M-MTR,L2,5.487921830621421,0.0019941266380664228,0.01783147689160959,0.3524915451815772,0.47395218022580915,benchmark/benchmark/submissions_tahoe_lfc_heldout_molecules_fresh/expression/pert_prediction_tahoe_regression/CVCL_1635.heldout_molecules/2026-05-26T01-03-42.292435.json
CVCL_1635,heldout_molecules,lasso_baseline_MiniMol,lasso,MiniMol,L2,5.485342624035073,0.0019943773634902872,0.017826698110224103,0.35286479559331546,0.4745614893886503,benchmark/benchmark/submissions_tahoe_lfc_heldout_molecules_fresh/expression/pert_prediction_tahoe_regression/CVCL_1635.heldout_molecules/2026-05-26T01-04-13.038555.json
CVCL_1635,heldout_molecules,lasso_baseline_MolT5,lasso,MolT5,L2,5.4950070404598526,0.0019980550286727676,0.01784537320982286,0.35208869436723983,0.4703912033012663,benchmark/benchmark/submissions_tahoe_lfc_heldout_molecules_fresh/expression/pert_prediction_tahoe_regression/CVCL_1635.heldout_molecules/2026-05-26T01-04-30.369459.json
CVCL_1635,heldout_molecules,lasso_baseline_avalon,lasso,avalon,L2,5.503467921346226,0.002001814195216959,0.01785895571131728,0.35189442287778344,0.4676556970059531,benchmark/benchmark/submissions_tahoe_lfc_heldout_molecules_fresh/expression/pert_prediction_tahoe_regression/CVCL_1635.heldout_molecules/2026-05-26T01-04-55.743035.json
CVCL_1635,heldout_molecules,lasso_baseline_boltz_affinity_pred_value_fragment,lasso,boltz_affinity_pred_value_fragment,L2,5.49560890887694,0.0020004381062596883,0.017842600859223883,0.35218178041754383,0.4709344929560196,benchmark/benchmark/submissions_tahoe_lfc_heldout_molecules_fresh/expression/pert_prediction_tahoe_regression/CVCL_1635.heldout_molecules/2026-05-26T01-04-18.786741.json
CVCL_1635,heldout_molecules,lasso_baseline_boltz_affinity_pred_value_protein,lasso,boltz_affinity_pred_value_protein,L2,5.495967283260131,0.0020006293150432544,0.017843182245270622,0.35218411646857184,0.4707705475703012,benchmark/benchmark/submissions_tahoe_lfc_heldout_molecules_fresh/expression/pert_prediction_tahoe_regression/CVCL_1635.heldout_molecules/2026-05-26T01-04-23.804565.json
CVCL_1635,heldout_molecules,lasso_baseline_chatgpt,lasso,chatgpt,L2,5.46798897285846,0.0019798044325138775,0.0177949986064478,0.3542712339022769,0.47970162723100424,benchmark/benchmark/submissions_tahoe_lfc_heldout_molecules_fresh/expression/pert_prediction_tahoe_regression/CVCL_1635.heldout_molecules/2026-05-26T01-04-06.832735.json
CVCL_1635,heldout_molecules,lasso_baseline_ecfp:2,lasso,ecfp:2,L2,5.502071073039077,0.0020040161026514424,0.017852719377333466,0.35195694874359995,0.4688430245676313,benchmark/benchmark/submissions_tahoe_lfc_heldout_molecules_fresh/expression/pert_prediction_tahoe_regression/CVCL_1635.heldout_molecules/2026-05-26T01-04-51.492006.json
CVCL_1635,heldout_molecules,lasso_baseline_erg,lasso,erg,L2,5.496381518143838,0.0020008255703802434,0.017843472441152308,0.35218687324731257,0.47057833493490503,benchmark/benchmark/submissions_tahoe_lfc_heldout_molecules_fresh/expression/pert_prediction_tahoe_regression/CVCL_1635.heldout_molecules/2026-05-26T01-04-30.970162.json
CVCL_1635,heldout_molecules,lasso_baseline_maccs,lasso,maccs,L2,5.494153684911901,0.0019996358225861997,0.017841591374793738,0.3522220885873151,0.4714261676530617,benchmark/benchmark/submissions_tahoe_lfc_heldout_molecules_fresh/expression/pert_prediction_tahoe_regression/CVCL_1635.heldout_molecules/2026-05-26T01-04-09.367284.json
CVCL_1635,heldout_molecules,lasso_baseline_morgan_initialized_lpm,lasso,morgan_initialized_lpm,L2,5.607338765567853,0.0020512051181196026,0.017986045984749236,0.3494371003230959,0.43722027247390266,benchmark/benchmark/submissions_tahoe_lfc_heldout_molecules_fresh/expression/pert_prediction_tahoe_regression/CVCL_1635.heldout_molecules/2026-05-26T01-03-34.176452.json
CVCL_1635,heldout_molecules,lasso_baseline_pca,lasso,pca,L2,2.67732881462291,0.0004855789570052441,0.009970772166598564,0.6756667299120025,0.8872678064559942,benchmark/benchmark/submissions_tahoe_lfc_heldout_molecules_fresh/expression/pert_prediction_tahoe_regression/CVCL_1635.heldout_molecules/2026-05-26T01-03-46.285838.json
CVCL_1635,heldout_molecules,lasso_baseline_random,lasso,random,L2,5.496381518143838,0.0020008255703802434,0.017843472441152308,0.35218687324731257,0.47057833493490503,benchmark/benchmark/submissions_tahoe_lfc_heldout_molecules_fresh/expression/pert_prediction_tahoe_regression/CVCL_1635.heldout_molecules/2026-05-26T01-03-37.005829.json
CVCL_1635,heldout_molecules,lasso_baseline_secfp,lasso,secfp,L2,5.498203073949489,0.0020013874911212503,0.017844941285487356,0.35213775885305537,0.4703053796460033,benchmark/benchmark/submissions_tahoe_lfc_heldout_molecules_fresh/expression/pert_prediction_tahoe_regression/CVCL_1635.heldout_molecules/2026-05-26T01-04-29.061676.json
CVCL_1635,heldout_molecules,lasso_baseline_topological,lasso,topological,L2,5.49853576764258,0.0020009364416304644,0.017845532754806458,0.35222545162548796,0.4699213836812216,benchmark/benchmark/submissions_tahoe_lfc_heldout_molecules_fresh/expression/pert_prediction_tahoe_regression/CVCL_1635.heldout_molecules/2026-05-26T01-04-11.550203.json
CVCL_1635,heldout_molecules,lasso_baseline_unimol2-570m-H,lasso,unimol2-570m-H,L2,5.496282484649847,0.0020007431371861055,0.017843396493000277,0.3521861475663216,0.470614043913235,benchmark/benchmark/submissions_tahoe_lfc_heldout_molecules_fresh/expression/pert_prediction_tahoe_regression/CVCL_1635.heldout_molecules/2026-05-26T01-04-51.483737.json
CVCL_1666,heldout_molecules,knn_baseline_ChemBERTa-77M-MLM,knn,ChemBERTa-77M-MLM,L2,5.393422609346153,0.0018671745753060561,0.017655614255825652,0.3250621140575389,0.4257821005609806,benchmark/benchmark/submissions_tahoe_lfc_heldout_molecules_fresh/expression/pert_prediction_tahoe_regression/CVCL_1666.heldout_molecules/2026-05-26T01-04-55.971863.json
CVCL_1666,heldout_molecules,knn_baseline_ChemBERTa-77M-MTR,knn,ChemBERTa-77M-MTR,L2,5.314815733246666,0.001838866185490107,0.017406484457875453,0.3420400859386814,0.4517306078492919,benchmark/benchmark/submissions_tahoe_lfc_heldout_molecules_fresh/expression/pert_prediction_tahoe_regression/CVCL_1666.heldout_molecules/2026-05-26T01-04-50.166499.json
CVCL_1666,heldout_molecules,knn_baseline_MiniMol,knn,MiniMol,L2,5.261686764255309,0.001807876440666132,0.01723634923972864,0.3593226353807314,0.4700299258047451,benchmark/benchmark/submissions_tahoe_lfc_heldout_molecules_fresh/expression/pert_prediction_tahoe_regression/CVCL_1666.heldout_molecules/2026-05-26T01-05-24.714081.json
CVCL_1666,heldout_molecules,knn_baseline_MolT5,knn,MolT5,L2,5.3617915286602065,0.0018528477733228666,0.017546359574061,0.3341281974944097,0.43562807862467895,benchmark/benchmark/submissions_tahoe_lfc_heldout_molecules_fresh/expression/pert_prediction_tahoe_regression/CVCL_1666.heldout_molecules/2026-05-26T01-05-37.549300.json
CVCL_1666,heldout_molecules,knn_baseline_avalon,knn,avalon,L2,5.31440521154014,0.001856953120770105,0.01737351127563746,0.34526275839165516,0.4483652608117393,benchmark/benchmark/submissions_tahoe_lfc_heldout_molecules_fresh/expression/pert_prediction_tahoe_regression/CVCL_1666.heldout_molecules/2026-05-26T01-05-43.470678.json
CVCL_1666,heldout_molecules,knn_baseline_boltz_affinity_pred_value_fragment,knn,boltz_affinity_pred_value_fragment,L2,5.300368613641784,0.0018239349635245504,0.017354828359313037,0.35060152025878466,0.458386836418419,benchmark/benchmark/submissions_tahoe_lfc_heldout_molecules_fresh/expression/pert_prediction_tahoe_regression/CVCL_1666.heldout_molecules/2026-05-26T01-05-25.497637.json
CVCL_1666,heldout_molecules,knn_baseline_boltz_affinity_pred_value_protein,knn,boltz_affinity_pred_value_protein,L2,5.313964783336537,0.0018383710873317045,0.0173915548385463,0.3470895340472392,0.4534110339146301,benchmark/benchmark/submissions_tahoe_lfc_heldout_molecules_fresh/expression/pert_prediction_tahoe_regression/CVCL_1666.heldout_molecules/2026-05-26T01-05-25.402718.json
CVCL_1666,heldout_molecules,knn_baseline_chatgpt,knn,chatgpt,L2,5.37958011351958,0.0018484766868771887,0.017659107449764493,0.32499473291900904,0.43371808142106444,benchmark/benchmark/submissions_tahoe_lfc_heldout_molecules_fresh/expression/pert_prediction_tahoe_regression/CVCL_1666.heldout_molecules/2026-05-26T01-04-58.068989.json
CVCL_1666,heldout_molecules,knn_baseline_ecfp:2,knn,ecfp:2,L2,5.325485279472438,0.001850871959686882,0.0174233925678884,0.3427624323051084,0.4471850902123198,benchmark/benchmark/submissions_tahoe_lfc_heldout_molecules_fresh/expression/pert_prediction_tahoe_regression/CVCL_1666.heldout_molecules/2026-05-26T01-05-47.116234.json
CVCL_1666,heldout_molecules,knn_baseline_erg,knn,erg,L2,5.311696126093404,0.0018409000170584648,0.017405830650389476,0.34393879585487164,0.4506113746470505,benchmark/benchmark/submissions_tahoe_lfc_heldout_molecules_fresh/expression/pert_prediction_tahoe_regression/CVCL_1666.heldout_molecules/2026-05-26T01-05-31.952895.json
CVCL_1666,heldout_molecules,knn_baseline_maccs,knn,maccs,L2,5.310551535610035,0.0018431594297583357,0.017365441170111393,0.34848330318381415,0.4513340315551594,benchmark/benchmark/submissions_tahoe_lfc_heldout_molecules_fresh/expression/pert_prediction_tahoe_regression/CVCL_1666.heldout_molecules/2026-05-26T01-05-00.820970.json
CVCL_1666,heldout_molecules,knn_baseline_morgan_initialized_lpm,knn,morgan_initialized_lpm,L2,5.309432923289735,0.0018555192892952886,0.017366421842350054,0.34605940996180645,0.446067491254182,benchmark/benchmark/submissions_tahoe_lfc_heldout_molecules_fresh/expression/pert_prediction_tahoe_regression/CVCL_1666.heldout_molecules/2026-05-26T01-04-39.133009.json
CVCL_1666,heldout_molecules,knn_baseline_pca,knn,pca,L2,3.826985173552909,0.0011325328696968485,0.01293964864237413,0.6143281344932872,0.7749121607802073,benchmark/benchmark/submissions_tahoe_lfc_heldout_molecules_fresh/expression/pert_prediction_tahoe_regression/CVCL_1666.heldout_molecules/2026-05-26T01-04-46.041825.json
CVCL_1666,heldout_molecules,knn_baseline_random,knn,random,L2,5.370679232177359,0.0018763483865391936,0.01759144701926567,0.3279855787334369,0.43262222370410697,benchmark/benchmark/submissions_tahoe_lfc_heldout_molecules_fresh/expression/pert_prediction_tahoe_regression/CVCL_1666.heldout_molecules/2026-05-26T01-04-44.765315.json
CVCL_1666,heldout_molecules,knn_baseline_secfp,knn,secfp,L2,5.304750169688535,0.001864339861237883,0.017334197934909142,0.34866770277064024,0.4545614989756692,benchmark/benchmark/submissions_tahoe_lfc_heldout_molecules_fresh/expression/pert_prediction_tahoe_regression/CVCL_1666.heldout_molecules/2026-05-26T01-05-32.621449.json
CVCL_1666,heldout_molecules,knn_baseline_topological,knn,topological,L2,5.317553780926897,0.0018568504193516306,0.017391280181169793,0.34480020292639474,0.4489791579785881,benchmark/benchmark/submissions_tahoe_lfc_heldout_molecules_fresh/expression/pert_prediction_tahoe_regression/CVCL_1666.heldout_molecules/2026-05-26T01-05-26.495255.json
CVCL_1666,heldout_molecules,knn_baseline_unimol2-570m-H,knn,unimol2-570m-H,L2,5.334751352181532,0.0018425998385158862,0.017470449950882077,0.3380346103067609,0.4434467960217652,benchmark/benchmark/submissions_tahoe_lfc_heldout_molecules_fresh/expression/pert_prediction_tahoe_regression/CVCL_1666.heldout_molecules/2026-05-26T01-05-47.813269.json
CVCL_1666,heldout_molecules,lasso_baseline_ChemBERTa-77M-MLM,lasso,ChemBERTa-77M-MLM,L2,5.31271931252633,0.0018421785061231244,0.017378482603269723,0.345289181721122,0.4508128841376363,benchmark/benchmark/submissions_tahoe_lfc_heldout_molecules_fresh/expression/pert_prediction_tahoe_regression/CVCL_1666.heldout_molecules/2026-05-26T01-05-12.522664.json
CVCL_1666,heldout_molecules,lasso_baseline_ChemBERTa-77M-MTR,lasso,ChemBERTa-77M-MTR,L2,5.3035889339519535,0.0018377381888149153,0.017365910579608797,0.3455202992661418,0.4543707698364536,benchmark/benchmark/submissions_tahoe_lfc_heldout_molecules_fresh/expression/pert_prediction_tahoe_regression/CVCL_1666.heldout_molecules/2026-05-26T01-05-07.096930.json
CVCL_1666,heldout_molecules,lasso_baseline_MiniMol,lasso,MiniMol,L2,5.2920746469836475,0.0018304511912953128,0.017344640827648736,0.3464054736409514,0.45749966894176647,benchmark/benchmark/submissions_tahoe_lfc_heldout_molecules_fresh/expression/pert_prediction_tahoe_regression/CVCL_1666.heldout_molecules/2026-05-26T01-05-36.172721.json
CVCL_1666,heldout_molecules,lasso_baseline_MolT5,lasso,MolT5,L2,5.306416641245749,0.0018345595503073497,0.017369794293255383,0.34517782531600666,0.4520387635194055,benchmark/benchmark/submissions_tahoe_lfc_heldout_molecules_fresh/expression/pert_prediction_tahoe_regression/CVCL_1666.heldout_molecules/2026-05-26T01-05-51.134114.json
CVCL_1666,heldout_molecules,lasso_baseline_avalon,lasso,avalon,L2,5.3150926004893035,0.0018395784350929939,0.017384073408010223,0.34538692122103565,0.4492338433770446,benchmark/benchmark/submissions_tahoe_lfc_heldout_molecules_fresh/expression/pert_prediction_tahoe_regression/CVCL_1666.heldout_molecules/2026-05-26T01-05-59.837241.json
CVCL_1666,heldout_molecules,lasso_baseline_boltz_affinity_pred_value_fragment,lasso,boltz_affinity_pred_value_fragment,L2,5.280539279885501,0.0018231452852121883,0.01731821121230241,0.348983803490279,0.46322138238796834,benchmark/benchmark/submissions_tahoe_lfc_heldout_molecules_fresh/expression/pert_prediction_tahoe_regression/CVCL_1666.heldout_molecules/2026-05-26T01-05-40.314689.json
CVCL_1666,heldout_molecules,lasso_baseline_boltz_affinity_pred_value_protein,lasso,boltz_affinity_pred_value_protein,L2,5.285648035932006,0.0018275731388140363,0.017330418613296348,0.3478379671248638,0.4605859429217368,benchmark/benchmark/submissions_tahoe_lfc_heldout_molecules_fresh/expression/pert_prediction_tahoe_regression/CVCL_1666.heldout_molecules/2026-05-26T01-05-40.480618.json
CVCL_1666,heldout_molecules,lasso_baseline_chatgpt,lasso,chatgpt,L2,5.285156387424889,0.0018212516089873682,0.01732155654572788,0.3475815714511,0.45946441860241066,benchmark/benchmark/submissions_tahoe_lfc_heldout_molecules_fresh/expression/pert_prediction_tahoe_regression/CVCL_1666.heldout_molecules/2026-05-26T01-05-12.079066.json
CVCL_1666,heldout_molecules,lasso_baseline_ecfp:2,lasso,ecfp:2,L2,5.319886826547984,0.0018474670290715303,0.017390065832197512,0.3449339053951761,0.4488170040873226,benchmark/benchmark/submissions_tahoe_lfc_heldout_molecules_fresh/expression/pert_prediction_tahoe_regression/CVCL_1666.heldout_molecules/2026-05-26T01-05-58.767297.json
CVCL_1666,heldout_molecules,lasso_baseline_erg,lasso,erg,L2,5.314284449194102,0.0018441648329057807,0.01738090098794028,0.34512031125806947,0.45052443649690327,benchmark/benchmark/submissions_tahoe_lfc_heldout_molecules_fresh/expression/pert_prediction_tahoe_regression/CVCL_1666.heldout_molecules/2026-05-26T01-05-48.465473.json
CVCL_1666,heldout_molecules,lasso_baseline_maccs,lasso,maccs,L2,5.312457503411722,0.0018431876003551463,0.01737821283440654,0.34522991008480586,0.45110200001160206,benchmark/benchmark/submissions_tahoe_lfc_heldout_molecules_fresh/expression/pert_prediction_tahoe_regression/CVCL_1666.heldout_molecules/2026-05-26T01-05-15.704994.json
CVCL_1666,heldout_molecules,lasso_baseline_morgan_initialized_lpm,lasso,morgan_initialized_lpm,L2,5.38592359876456,0.0018526780360467099,0.01743585071170791,0.3462401139367316,0.4310612289448302,benchmark/benchmark/submissions_tahoe_lfc_heldout_molecules_fresh/expression/pert_prediction_tahoe_regression/CVCL_1666.heldout_molecules/2026-05-26T01-04-54.341227.json
CVCL_1666,heldout_molecules,lasso_baseline_pca,lasso,pca,L2,2.7499304630088823,0.0004746517066824316,0.010471662620882014,0.6539980978981413,0.8740384347326782,benchmark/benchmark/submissions_tahoe_lfc_heldout_molecules_fresh/expression/pert_prediction_tahoe_regression/CVCL_1666.heldout_molecules/2026-05-26T01-05-07.050354.json
CVCL_1666,heldout_molecules,lasso_baseline_random,lasso,random,L2,5.31428799631996,0.0018441621302512014,0.017380883637607637,0.3451203127693117,0.4505233172281593,benchmark/benchmark/submissions_tahoe_lfc_heldout_molecules_fresh/expression/pert_prediction_tahoe_regression/CVCL_1666.heldout_molecules/2026-05-26T01-05-00.992332.json
CVCL_1666,heldout_molecules,lasso_baseline_secfp,lasso,secfp,L2,5.314931265504955,0.0018447346762761503,0.017380385200785105,0.3452064928160552,0.45033880818623084,benchmark/benchmark/submissions_tahoe_lfc_heldout_molecules_fresh/expression/pert_prediction_tahoe_regression/CVCL_1666.heldout_molecules/2026-05-26T01-05-48.482703.json
CVCL_1666,heldout_molecules,lasso_baseline_topological,lasso,topological,L2,5.314847954681567,0.001842271541787157,0.01738217279784434,0.34527832636969247,0.4503889083179406,benchmark/benchmark/submissions_tahoe_lfc_heldout_molecules_fresh/expression/pert_prediction_tahoe_regression/CVCL_1666.heldout_molecules/2026-05-26T01-05-41.027148.json
CVCL_1666,heldout_molecules,lasso_baseline_unimol2-570m-H,lasso,unimol2-570m-H,L2,5.313798308691875,0.001843910565574667,0.01738042014178076,0.34512088690473625,0.4506560237113875,benchmark/benchmark/submissions_tahoe_lfc_heldout_molecules_fresh/expression/pert_prediction_tahoe_regression/CVCL_1666.heldout_molecules/2026-05-26T01-06-00.918067.json
CVCL_1693,heldout_molecules,knn_baseline_ChemBERTa-77M-MLM,knn,ChemBERTa-77M-MLM,L2,4.72991027403464,0.0014189521412911505,0.01581887724889441,0.3389128817877318,0.451332030484829,benchmark/benchmark/submissions_tahoe_lfc_heldout_molecules_fresh/expression/pert_prediction_tahoe_regression/CVCL_1693.heldout_molecules/2026-05-26T01-06-14.780261.json
CVCL_1693,heldout_molecules,knn_baseline_ChemBERTa-77M-MTR,knn,ChemBERTa-77M-MTR,L2,4.689605076264899,0.0014111840488389726,0.015659494400449985,0.35382771789428746,0.46886577601217294,benchmark/benchmark/submissions_tahoe_lfc_heldout_molecules_fresh/expression/pert_prediction_tahoe_regression/CVCL_1693.heldout_molecules/2026-05-26T01-06-09.761345.json
CVCL_1693,heldout_molecules,knn_baseline_MiniMol,knn,MiniMol,L2,4.616656488483163,0.0013771884251901237,0.015431906035820531,0.37727315746744117,0.497070957227524,benchmark/benchmark/submissions_tahoe_lfc_heldout_molecules_fresh/expression/pert_prediction_tahoe_regression/CVCL_1693.heldout_molecules/2026-05-26T01-06-29.293125.json
CVCL_1693,heldout_molecules,knn_baseline_MolT5,knn,MolT5,L2,4.703686438926812,0.0014077347235970643,0.015716027758956225,0.35008996874865006,0.4635812036318095,benchmark/benchmark/submissions_tahoe_lfc_heldout_molecules_fresh/expression/pert_prediction_tahoe_regression/CVCL_1693.heldout_molecules/2026-05-26T01-06-57.849881.json
CVCL_1693,heldout_molecules,knn_baseline_avalon,knn,avalon,L2,4.652620586318332,0.0014079735731838882,0.015507535485078928,0.3705777801079052,0.48188612374351447,benchmark/benchmark/submissions_tahoe_lfc_heldout_molecules_fresh/expression/pert_prediction_tahoe_regression/CVCL_1693.heldout_molecules/2026-05-26T01-07-04.527303.json
CVCL_1693,heldout_molecules,knn_baseline_boltz_affinity_pred_value_fragment,knn,boltz_affinity_pred_value_fragment,L2,4.654663100548669,0.0013961010956439895,0.015528528317503027,0.37188605663000607,0.48354447976309617,benchmark/benchmark/submissions_tahoe_lfc_heldout_molecules_fresh/expression/pert_prediction_tahoe_regression/CVCL_1693.heldout_molecules/2026-05-26T01-06-32.240798.json
CVCL_1693,heldout_molecules,knn_baseline_boltz_affinity_pred_value_protein,knn,boltz_affinity_pred_value_protein,L2,4.6609628225871935,0.0014003073374715806,0.015547685218172229,0.3689887233542849,0.4813702726866267,benchmark/benchmark/submissions_tahoe_lfc_heldout_molecules_fresh/expression/pert_prediction_tahoe_regression/CVCL_1693.heldout_molecules/2026-05-26T01-06-57.474800.json
CVCL_1693,heldout_molecules,knn_baseline_chatgpt,knn,chatgpt,L2,4.696178169248962,0.0013945702459915899,0.015779245522921044,0.33958895482505724,0.4636491274559146,benchmark/benchmark/submissions_tahoe_lfc_heldout_molecules_fresh/expression/pert_prediction_tahoe_regression/CVCL_1693.heldout_molecules/2026-05-26T01-06-15.336271.json
CVCL_1693,heldout_molecules,knn_baseline_ecfp:2,knn,ecfp:2,L2,4.656202931046019,0.0014024798056211287,0.015568687419247185,0.3633250678139839,0.4811628753502186,benchmark/benchmark/submissions_tahoe_lfc_heldout_molecules_fresh/expression/pert_prediction_tahoe_regression/CVCL_1693.heldout_molecules/2026-05-26T01-07-04.483323.json
CVCL_1693,heldout_molecules,knn_baseline_erg,knn,erg,L2,4.666579225907354,0.0014034261722000736,0.015595959107696938,0.3624740023956481,0.4763790993149043,benchmark/benchmark/submissions_tahoe_lfc_heldout_molecules_fresh/expression/pert_prediction_tahoe_regression/CVCL_1693.heldout_molecules/2026-05-26T01-06-56.934493.json
CVCL_1693,heldout_molecules,knn_baseline_maccs,knn,maccs,L2,4.662298774978756,0.001398853214795915,0.015552663118236122,0.36694377292449093,0.477602079682491,benchmark/benchmark/submissions_tahoe_lfc_heldout_molecules_fresh/expression/pert_prediction_tahoe_regression/CVCL_1693.heldout_molecules/2026-05-26T01-06-19.599683.json
CVCL_1693,heldout_molecules,knn_baseline_morgan_initialized_lpm,knn,morgan_initialized_lpm,L2,4.68012274637338,0.0014189091067405126,0.015625560620541733,0.35812513158850673,0.466289072048254,benchmark/benchmark/submissions_tahoe_lfc_heldout_molecules_fresh/expression/pert_prediction_tahoe_regression/CVCL_1693.heldout_molecules/2026-05-26T01-06-08.788184.json
CVCL_1693,heldout_molecules,knn_baseline_pca,knn,pca,L2,3.3268838435226393,0.0008385137262017058,0.011476304542261015,0.6279441941017492,0.7821066035037467,benchmark/benchmark/submissions_tahoe_lfc_heldout_molecules_fresh/expression/pert_prediction_tahoe_regression/CVCL_1693.heldout_molecules/2026-05-26T01-06-09.120882.json
CVCL_1693,heldout_molecules,knn_baseline_random,knn,random,L2,4.719945548950708,0.0014339935614026507,0.015750620864225424,0.34602943901215205,0.4584158295621758,benchmark/benchmark/submissions_tahoe_lfc_heldout_molecules_fresh/expression/pert_prediction_tahoe_regression/CVCL_1693.heldout_molecules/2026-05-26T01-06-09.156248.json
CVCL_1693,heldout_molecules,knn_baseline_secfp,knn,secfp,L2,4.6695269226291,0.0014291028603141645,0.015576518653274715,0.36598359797813446,0.4765845207561109,benchmark/benchmark/submissions_tahoe_lfc_heldout_molecules_fresh/expression/pert_prediction_tahoe_regression/CVCL_1693.heldout_molecules/2026-05-26T01-06-59.108499.json
CVCL_1693,heldout_molecules,knn_baseline_topological,knn,topological,L2,4.6817975411783195,0.0014211406228433025,0.015601636803253674,0.36382085117841756,0.471735834635477,benchmark/benchmark/submissions_tahoe_lfc_heldout_molecules_fresh/expression/pert_prediction_tahoe_regression/CVCL_1693.heldout_molecules/2026-05-26T01-06-26.272831.json
CVCL_1693,heldout_molecules,knn_baseline_unimol2-570m-H,knn,unimol2-570m-H,L2,4.694007034912798,0.0014111641429411421,0.01566264758307757,0.3547666607653125,0.46548893908633415,benchmark/benchmark/submissions_tahoe_lfc_heldout_molecules_fresh/expression/pert_prediction_tahoe_regression/CVCL_1693.heldout_molecules/2026-05-26T01-07-10.486187.json
CVCL_1693,heldout_molecules,lasso_baseline_ChemBERTa-77M-MLM,lasso,ChemBERTa-77M-MLM,L2,4.659571197776909,0.0014003047404894547,0.015559251095425327,0.36135049275933445,0.47872558108094565,benchmark/benchmark/submissions_tahoe_lfc_heldout_molecules_fresh/expression/pert_prediction_tahoe_regression/CVCL_1693.heldout_molecules/2026-05-26T01-06-30.844449.json
CVCL_1693,heldout_molecules,lasso_baseline_ChemBERTa-77M-MTR,lasso,ChemBERTa-77M-MTR,L2,4.659363435230772,0.0014001956926956766,0.01555853579436661,0.36150752080812343,0.4792339548861075,benchmark/benchmark/submissions_tahoe_lfc_heldout_molecules_fresh/expression/pert_prediction_tahoe_regression/CVCL_1693.heldout_molecules/2026-05-26T01-06-24.276876.json
CVCL_1693,heldout_molecules,lasso_baseline_MiniMol,lasso,MiniMol,L2,4.65004987085827,0.0013966149550293744,0.015544846797781318,0.36239197302727755,0.4830812328591802,benchmark/benchmark/submissions_tahoe_lfc_heldout_molecules_fresh/expression/pert_prediction_tahoe_regression/CVCL_1693.heldout_molecules/2026-05-26T01-06-41.485645.json
CVCL_1693,heldout_molecules,lasso_baseline_MolT5,lasso,MolT5,L2,4.654714943676522,0.001395561936441137,0.015553269188341302,0.36201478378178775,0.4804872423040206,benchmark/benchmark/submissions_tahoe_lfc_heldout_molecules_fresh/expression/pert_prediction_tahoe_regression/CVCL_1693.heldout_molecules/2026-05-26T01-07-08.963774.json
CVCL_1693,heldout_molecules,lasso_baseline_avalon,lasso,avalon,L2,4.657935751318942,0.00139627237672509,0.015554035538055403,0.3621432937505286,0.47960710118668315,benchmark/benchmark/submissions_tahoe_lfc_heldout_molecules_fresh/expression/pert_prediction_tahoe_regression/CVCL_1693.heldout_molecules/2026-05-26T01-07-20.712502.json
CVCL_1693,heldout_molecules,lasso_baseline_boltz_affinity_pred_value_fragment,lasso,boltz_affinity_pred_value_fragment,L2,4.646505374397829,0.0013954652919430325,0.015530966390886664,0.36523122676817504,0.4859582524564331,benchmark/benchmark/submissions_tahoe_lfc_heldout_molecules_fresh/expression/pert_prediction_tahoe_regression/CVCL_1693.heldout_molecules/2026-05-26T01-06-48.396099.json
CVCL_1693,heldout_molecules,lasso_baseline_boltz_affinity_pred_value_protein,lasso,boltz_affinity_pred_value_protein,L2,4.649831977197997,0.0013972618445645885,0.015540401867905484,0.3644038259914428,0.4842349098965286,benchmark/benchmark/submissions_tahoe_lfc_heldout_molecules_fresh/expression/pert_prediction_tahoe_regression/CVCL_1693.heldout_molecules/2026-05-26T01-07-12.601230.json
CVCL_1693,heldout_molecules,lasso_baseline_chatgpt,lasso,chatgpt,L2,4.628982447820003,0.0013853369649585005,0.015494881178782187,0.36483918911753666,0.48930831908655675,benchmark/benchmark/submissions_tahoe_lfc_heldout_molecules_fresh/expression/pert_prediction_tahoe_regression/CVCL_1693.heldout_molecules/2026-05-26T01-06-28.426256.json
CVCL_1693,heldout_molecules,lasso_baseline_ecfp:2,lasso,ecfp:2,L2,4.667074820855303,0.001404462728737888,0.01556745726084207,0.36114240522636587,0.476231031341827,benchmark/benchmark/submissions_tahoe_lfc_heldout_molecules_fresh/expression/pert_prediction_tahoe_regression/CVCL_1693.heldout_molecules/2026-05-26T01-07-17.353264.json
CVCL_1693,heldout_molecules,lasso_baseline_erg,lasso,erg,L2,4.6606556852619105,0.001400917720042064,0.015559184331770974,0.3614539969475198,0.47913065044807057,benchmark/benchmark/submissions_tahoe_lfc_heldout_molecules_fresh/expression/pert_prediction_tahoe_regression/CVCL_1693.heldout_molecules/2026-05-26T01-07-11.934928.json
CVCL_1693,heldout_molecules,lasso_baseline_maccs,lasso,maccs,L2,4.663536706824429,0.0014031406320817793,0.015563548337909896,0.36124443521112015,0.47749678711521,benchmark/benchmark/submissions_tahoe_lfc_heldout_molecules_fresh/expression/pert_prediction_tahoe_regression/CVCL_1693.heldout_molecules/2026-05-26T01-06-35.971313.json
CVCL_1693,heldout_molecules,lasso_baseline_morgan_initialized_lpm,lasso,morgan_initialized_lpm,L2,4.689368847355024,0.0013957971449382565,0.015563976563350644,0.3632645912220866,0.4646022263667133,benchmark/benchmark/submissions_tahoe_lfc_heldout_molecules_fresh/expression/pert_prediction_tahoe_regression/CVCL_1693.heldout_molecules/2026-05-26T01-06-23.673720.json
CVCL_1693,heldout_molecules,lasso_baseline_pca,lasso,pca,L2,2.4484111107379993,0.0004172138936669999,0.009477738342276458,0.661734444696929,0.8729440809230805,benchmark/benchmark/submissions_tahoe_lfc_heldout_molecules_fresh/expression/pert_prediction_tahoe_regression/CVCL_1693.heldout_molecules/2026-05-26T01-06-27.569084.json
CVCL_1693,heldout_molecules,lasso_baseline_random,lasso,random,L2,4.665687619915246,0.0014050462318197492,0.015565207548191703,0.3611908617311662,0.47663243497906554,benchmark/benchmark/submissions_tahoe_lfc_heldout_molecules_fresh/expression/pert_prediction_tahoe_regression/CVCL_1693.heldout_molecules/2026-05-26T01-06-23.095712.json
CVCL_1693,heldout_molecules,lasso_baseline_secfp,lasso,secfp,L2,4.663409018253994,0.0014023497258416598,0.015562932728659126,0.3613313105386863,0.4773881684460845,benchmark/benchmark/submissions_tahoe_lfc_heldout_molecules_fresh/expression/pert_prediction_tahoe_regression/CVCL_1693.heldout_molecules/2026-05-26T01-07-13.531447.json
CVCL_1693,heldout_molecules,lasso_baseline_topological,lasso,topological,L2,4.661317134304156,0.0014004279130703382,0.0155617851767095,0.3613161414306766,0.47838497885930453,benchmark/benchmark/submissions_tahoe_lfc_heldout_molecules_fresh/expression/pert_prediction_tahoe_regression/CVCL_1693.heldout_molecules/2026-05-26T01-06-45.141325.json
CVCL_1693,heldout_molecules,lasso_baseline_unimol2-570m-H,lasso,unimol2-570m-H,L2,4.668108939000124,0.0014040975719606839,0.015581044116726214,0.36084494028050174,0.47532614921144734,benchmark/benchmark/submissions_tahoe_lfc_heldout_molecules_fresh/expression/pert_prediction_tahoe_regression/CVCL_1693.heldout_molecules/2026-05-26T01-07-22.346126.json
CVCL_1717,heldout_molecules,knn_baseline_ChemBERTa-77M-MLM,knn,ChemBERTa-77M-MLM,L2,4.8774336675719985,0.0015201560805737462,0.016210741143841172,0.32919437919903194,0.44699595092118266,benchmark/benchmark/submissions_tahoe_lfc_heldout_molecules_fresh/expression/pert_prediction_tahoe_regression/CVCL_1717.heldout_molecules/2026-05-26T01-07-45.477135.json
CVCL_1717,heldout_molecules,knn_baseline_ChemBERTa-77M-MTR,knn,ChemBERTa-77M-MTR,L2,4.82744109695296,0.0015037824803263587,0.016036700025120056,0.3480064288586973,0.46877305897456684,benchmark/benchmark/submissions_tahoe_lfc_heldout_molecules_fresh/expression/pert_prediction_tahoe_regression/CVCL_1717.heldout_molecules/2026-05-26T01-07-45.337500.json
CVCL_1717,heldout_molecules,knn_baseline_MiniMol,knn,MiniMol,L2,4.78121707486796,0.0014766984403387375,0.01589380613902179,0.3618203657799815,0.4854054448146821,benchmark/benchmark/submissions_tahoe_lfc_heldout_molecules_fresh/expression/pert_prediction_tahoe_regression/CVCL_1717.heldout_molecules/2026-05-26T01-07-51.380375.json
CVCL_1717,heldout_molecules,knn_baseline_MolT5,knn,MolT5,L2,4.86278742335176,0.001516591666153727,0.01614888953429552,0.33706250945416005,0.4552626171555133,benchmark/benchmark/submissions_tahoe_lfc_heldout_molecules_fresh/expression/pert_prediction_tahoe_regression/CVCL_1717.heldout_molecules/2026-05-26T01-08-33.075257.json
CVCL_1717,heldout_molecules,knn_baseline_avalon,knn,avalon,L2,4.843483962875965,0.0015223502892379728,0.016084313364918595,0.34426792089656316,0.46192087005005245,benchmark/benchmark/submissions_tahoe_lfc_heldout_molecules_fresh/expression/pert_prediction_tahoe_regression/CVCL_1717.heldout_molecules/2026-05-26T01-08-34.563622.json
CVCL_1717,heldout_molecules,knn_baseline_boltz_affinity_pred_value_fragment,knn,boltz_affinity_pred_value_fragment,L2,4.829433646354171,0.0015059421214771165,0.016048126229574702,0.34964812691509023,0.46941495477897927,benchmark/benchmark/submissions_tahoe_lfc_heldout_molecules_fresh/expression/pert_prediction_tahoe_regression/CVCL_1717.heldout_molecules/2026-05-26T01-07-57.295631.json
CVCL_1717,heldout_molecules,knn_baseline_boltz_affinity_pred_value_protein,knn,boltz_affinity_pred_value_protein,L2,4.837119211062353,0.0015117526513718812,0.016070640621115902,0.3463985287461025,0.46669867197733295,benchmark/benchmark/submissions_tahoe_lfc_heldout_molecules_fresh/expression/pert_prediction_tahoe_regression/CVCL_1717.heldout_molecules/2026-05-26T01-08-03.609838.json
CVCL_1717,heldout_molecules,knn_baseline_chatgpt,knn,chatgpt,L2,4.82921801622124,0.001482565861768463,0.01608331813190194,0.33902528934137466,0.4618683765427267,benchmark/benchmark/submissions_tahoe_lfc_heldout_molecules_fresh/expression/pert_prediction_tahoe_regression/CVCL_1717.heldout_molecules/2026-05-26T01-07-45.840783.json
CVCL_1717,heldout_molecules,knn_baseline_ecfp:2,knn,ecfp:2,L2,4.831034611598002,0.0015126081503118042,0.01605450212313597,0.34518357538417394,0.46774554170163296,benchmark/benchmark/submissions_tahoe_lfc_heldout_molecules_fresh/expression/pert_prediction_tahoe_regression/CVCL_1717.heldout_molecules/2026-05-26T01-08-33.645045.json
CVCL_1717,heldout_molecules,knn_baseline_erg,knn,erg,L2,4.843584472177606,0.0015136689488631358,0.016095287559821696,0.34322247277406076,0.46313734944611434,benchmark/benchmark/submissions_tahoe_lfc_heldout_molecules_fresh/expression/pert_prediction_tahoe_regression/CVCL_1717.heldout_molecules/2026-05-26T01-08-06.803122.json
CVCL_1717,heldout_molecules,knn_baseline_maccs,knn,maccs,L2,4.833106721232788,0.0015106423055369742,0.016048115353299166,0.3488447146559534,0.46800852667852494,benchmark/benchmark/submissions_tahoe_lfc_heldout_molecules_fresh/expression/pert_prediction_tahoe_regression/CVCL_1717.heldout_molecules/2026-05-26T01-07-44.937498.json
CVCL_1717,heldout_molecules,knn_baseline_morgan_initialized_lpm,knn,morgan_initialized_lpm,L2,4.86366826278161,0.0015412880444651957,0.016126753040501752,0.33698382433033675,0.44991236735126816,benchmark/benchmark/submissions_tahoe_lfc_heldout_molecules_fresh/expression/pert_prediction_tahoe_regression/CVCL_1717.heldout_molecules/2026-05-26T01-07-14.063933.json
CVCL_1717,heldout_molecules,knn_baseline_pca,knn,pca,L2,3.4122730740203218,0.0008770222030089486,0.011669029087184033,0.6252185691071884,0.7810334885425924,benchmark/benchmark/submissions_tahoe_lfc_heldout_molecules_fresh/expression/pert_prediction_tahoe_regression/CVCL_1717.heldout_molecules/2026-05-26T01-07-18.791187.json
CVCL_1717,heldout_molecules,knn_baseline_random,knn,random,L2,4.877334342332245,0.0015302403795560337,0.01619613569057243,0.33347869079103587,0.4501647676076851,benchmark/benchmark/submissions_tahoe_lfc_heldout_molecules_fresh/expression/pert_prediction_tahoe_regression/CVCL_1717.heldout_molecules/2026-05-26T01-07-17.504430.json
CVCL_1717,heldout_molecules,knn_baseline_secfp,knn,secfp,L2,4.853313058673023,0.0015360800030756604,0.016100142846858984,0.34334082836990576,0.46146466744698156,benchmark/benchmark/submissions_tahoe_lfc_heldout_molecules_fresh/expression/pert_prediction_tahoe_regression/CVCL_1717.heldout_molecules/2026-05-26T01-08-07.507503.json
CVCL_1717,heldout_molecules,knn_baseline_topological,knn,topological,L2,4.849226095725277,0.0015284824760820233,0.016105548957594945,0.34352209313263127,0.4621963677558699,benchmark/benchmark/submissions_tahoe_lfc_heldout_molecules_fresh/expression/pert_prediction_tahoe_regression/CVCL_1717.heldout_molecules/2026-05-26T01-07-52.118847.json
CVCL_1717,heldout_molecules,knn_baseline_unimol2-570m-H,knn,unimol2-570m-H,L2,4.851882764357452,0.0015130017486599348,0.01612442519967383,0.3381777396436827,0.4589040410555471,benchmark/benchmark/submissions_tahoe_lfc_heldout_molecules_fresh/expression/pert_prediction_tahoe_regression/CVCL_1717.heldout_molecules/2026-05-26T01-08-33.337029.json
CVCL_1717,heldout_molecules,lasso_baseline_ChemBERTa-77M-MLM,lasso,ChemBERTa-77M-MLM,L2,4.827565872030169,0.0015078286825647056,0.016040591011874866,0.3470311076736189,0.46875769558198616,benchmark/benchmark/submissions_tahoe_lfc_heldout_molecules_fresh/expression/pert_prediction_tahoe_regression/CVCL_1717.heldout_molecules/2026-05-26T01-08-00.351872.json
CVCL_1717,heldout_molecules,lasso_baseline_ChemBERTa-77M-MTR,lasso,ChemBERTa-77M-MTR,L2,4.824632124570972,0.001506992821844311,0.016037193545625793,0.3470925606556478,0.4701267861404008,benchmark/benchmark/submissions_tahoe_lfc_heldout_molecules_fresh/expression/pert_prediction_tahoe_regression/CVCL_1717.heldout_molecules/2026-05-26T01-07-59.910780.json
CVCL_1717,heldout_molecules,lasso_baseline_MiniMol,lasso,MiniMol,L2,4.821691347803018,0.0015056675612731161,0.0160321613486172,0.34733035321962524,0.47113677881072163,benchmark/benchmark/submissions_tahoe_lfc_heldout_molecules_fresh/expression/pert_prediction_tahoe_regression/CVCL_1717.heldout_molecules/2026-05-26T01-08-04.016461.json
CVCL_1717,heldout_molecules,lasso_baseline_MolT5,lasso,MolT5,L2,4.8322558313127315,0.0015079188983114344,0.016048530261510895,0.3466089228777749,0.46662310524185524,benchmark/benchmark/submissions_tahoe_lfc_heldout_molecules_fresh/expression/pert_prediction_tahoe_regression/CVCL_1717.heldout_molecules/2026-05-26T01-08-43.840902.json
CVCL_1717,heldout_molecules,lasso_baseline_avalon,lasso,avalon,L2,4.826422118720388,0.0015040372109645678,0.016036562927876804,0.347049847607089,0.4686607310621054,benchmark/benchmark/submissions_tahoe_lfc_heldout_molecules_fresh/expression/pert_prediction_tahoe_regression/CVCL_1717.heldout_molecules/2026-05-26T01-08-48.768473.json
CVCL_1717,heldout_molecules,lasso_baseline_boltz_affinity_pred_value_fragment,lasso,boltz_affinity_pred_value_fragment,L2,4.828875885938106,0.0015095559123956873,0.01604362073521293,0.3468566943454562,0.4683183596570509,benchmark/benchmark/submissions_tahoe_lfc_heldout_molecules_fresh/expression/pert_prediction_tahoe_regression/CVCL_1717.heldout_molecules/2026-05-26T01-08-13.744080.json
CVCL_1717,heldout_molecules,lasso_baseline_boltz_affinity_pred_value_protein,lasso,boltz_affinity_pred_value_protein,L2,4.826953664846048,0.0015077566949960777,0.016038888802963454,0.347619661259207,0.4704718759336265,benchmark/benchmark/submissions_tahoe_lfc_heldout_molecules_fresh/expression/pert_prediction_tahoe_regression/CVCL_1717.heldout_molecules/2026-05-26T01-08-18.665570.json
CVCL_1717,heldout_molecules,lasso_baseline_chatgpt,lasso,chatgpt,L2,4.802812982439533,0.0014937885756128209,0.015996563019446165,0.34903657446127595,0.4764661269586036,benchmark/benchmark/submissions_tahoe_lfc_heldout_molecules_fresh/expression/pert_prediction_tahoe_regression/CVCL_1717.heldout_molecules/2026-05-26T01-07-57.166919.json
CVCL_1717,heldout_molecules,lasso_baseline_ecfp:2,lasso,ecfp:2,L2,4.829539761466457,0.0015098283497598994,0.016044040224576537,0.34682956340909815,0.4680266245451923,benchmark/benchmark/submissions_tahoe_lfc_heldout_molecules_fresh/expression/pert_prediction_tahoe_regression/CVCL_1717.heldout_molecules/2026-05-26T01-08-44.240507.json
CVCL_1717,heldout_molecules,lasso_baseline_erg,lasso,erg,L2,4.82953976185771,0.0015098283498340295,0.016044040224683895,0.34682956340909815,0.4680266242597115,benchmark/benchmark/submissions_tahoe_lfc_heldout_molecules_fresh/expression/pert_prediction_tahoe_regression/CVCL_1717.heldout_molecules/2026-05-26T01-08-23.600667.json
CVCL_1717,heldout_molecules,lasso_baseline_maccs,lasso,maccs,L2,4.827849644474212,0.0015086200308052939,0.01604182771450389,0.34687801027085124,0.46881703866760155,benchmark/benchmark/submissions_tahoe_lfc_heldout_molecules_fresh/expression/pert_prediction_tahoe_regression/CVCL_1717.heldout_molecules/2026-05-26T01-07-59.854142.json
CVCL_1717,heldout_molecules,lasso_baseline_morgan_initialized_lpm,lasso,morgan_initialized_lpm,L2,4.878680297786045,0.0015252207622303102,0.01607581771795284,0.34704449521124664,0.44883453333188167,benchmark/benchmark/submissions_tahoe_lfc_heldout_molecules_fresh/expression/pert_prediction_tahoe_regression/CVCL_1717.heldout_molecules/2026-05-26T01-07-30.871187.json
CVCL_1717,heldout_molecules,lasso_baseline_pca,lasso,pca,L2,2.40350629665928,0.0003368684820174062,0.009168697217088958,0.6662355345968685,0.8793221832607984,benchmark/benchmark/submissions_tahoe_lfc_heldout_molecules_fresh/expression/pert_prediction_tahoe_regression/CVCL_1717.heldout_molecules/2026-05-26T01-07-36.811136.json
CVCL_1717,heldout_molecules,lasso_baseline_random,lasso,random,L2,4.82953976185771,0.0015098283498340295,0.016044040224683895,0.34682956340909815,0.4680266242597115,benchmark/benchmark/submissions_tahoe_lfc_heldout_molecules_fresh/expression/pert_prediction_tahoe_regression/CVCL_1717.heldout_molecules/2026-05-26T01-07-31.943638.json
CVCL_1717,heldout_molecules,lasso_baseline_secfp,lasso,secfp,L2,4.828815822958416,0.0015087956380576474,0.016041550786880254,0.3469681927826742,0.46841141169789674,benchmark/benchmark/submissions_tahoe_lfc_heldout_molecules_fresh/expression/pert_prediction_tahoe_regression/CVCL_1717.heldout_molecules/2026-05-26T01-08-21.750112.json
CVCL_1717,heldout_molecules,lasso_baseline_topological,lasso,topological,L2,4.82953976185771,0.0015098283498340295,0.016044040224683895,0.34682956340909815,0.4680266242597115,benchmark/benchmark/submissions_tahoe_lfc_heldout_molecules_fresh/expression/pert_prediction_tahoe_regression/CVCL_1717.heldout_molecules/2026-05-26T01-08-08.260763.json
CVCL_1717,heldout_molecules,lasso_baseline_unimol2-570m-H,lasso,unimol2-570m-H,L2,4.8293267904408275,0.0015097215925285086,0.01604404800839492,0.34682986463349963,0.46811180038718175,benchmark/benchmark/submissions_tahoe_lfc_heldout_molecules_fresh/expression/pert_prediction_tahoe_regression/CVCL_1717.heldout_molecules/2026-05-26T01-08-44.085869.json
CVCL_1724,heldout_molecules,knn_baseline_ChemBERTa-77M-MLM,knn,ChemBERTa-77M-MLM,L2,6.136578290695792,0.0023446319402788615,0.020115570851510865,0.2875565369391704,0.4035897992348443,benchmark/benchmark/submissions_tahoe_lfc_heldout_molecules_fresh/expression/pert_prediction_tahoe_regression/CVCL_1724.heldout_molecules/2026-05-26T01-08-49.983086.json
CVCL_1724,heldout_molecules,knn_baseline_ChemBERTa-77M-MTR,knn,ChemBERTa-77M-MTR,L2,6.058435178102098,0.002310349527789956,0.019860544929273017,0.30953080914941306,0.43055817999720114,benchmark/benchmark/submissions_tahoe_lfc_heldout_molecules_fresh/expression/pert_prediction_tahoe_regression/CVCL_1724.heldout_molecules/2026-05-26T01-08-49.336810.json
CVCL_1724,heldout_molecules,knn_baseline_MiniMol,knn,MiniMol,L2,5.9766482784875095,0.0022609421137987245,0.01962248929256027,0.32965267299982376,0.4577778409159821,benchmark/benchmark/submissions_tahoe_lfc_heldout_molecules_fresh/expression/pert_prediction_tahoe_regression/CVCL_1724.heldout_molecules/2026-05-26T01-09-16.195551.json
CVCL_1724,heldout_molecules,knn_baseline_MolT5,knn,MolT5,L2,6.103513881019414,0.002332865692490707,0.02000363603561397,0.29713943153857025,0.4146642517462151,benchmark/benchmark/submissions_tahoe_lfc_heldout_molecules_fresh/expression/pert_prediction_tahoe_regression/CVCL_1724.heldout_molecules/2026-05-26T01-09-32.761783.json
CVCL_1724,heldout_molecules,knn_baseline_avalon,knn,avalon,L2,6.027535171980345,0.002320404002643858,0.019743371097401666,0.3190378841540004,0.44021369903526564,benchmark/benchmark/submissions_tahoe_lfc_heldout_molecules_fresh/expression/pert_prediction_tahoe_regression/CVCL_1724.heldout_molecules/2026-05-26T01-09-37.718493.json
CVCL_1724,heldout_molecules,knn_baseline_boltz_affinity_pred_value_fragment,knn,boltz_affinity_pred_value_fragment,L2,6.0397051867209886,0.0022982007077729746,0.01979213346331769,0.3178877929495779,0.43977000235537006,benchmark/benchmark/submissions_tahoe_lfc_heldout_molecules_fresh/expression/pert_prediction_tahoe_regression/CVCL_1724.heldout_molecules/2026-05-26T01-09-16.607890.json
CVCL_1724,heldout_molecules,knn_baseline_boltz_affinity_pred_value_protein,knn,boltz_affinity_pred_value_protein,L2,6.040952187804713,0.002307302275665073,0.01979804092743919,0.31643089393205953,0.438875743188001,benchmark/benchmark/submissions_tahoe_lfc_heldout_molecules_fresh/expression/pert_prediction_tahoe_regression/CVCL_1724.heldout_molecules/2026-05-26T01-09-21.718246.json
CVCL_1724,heldout_molecules,knn_baseline_chatgpt,knn,chatgpt,L2,6.0713065635850025,0.002300097365650328,0.0199675150975502,0.29564438337184934,0.4240961217429783,benchmark/benchmark/submissions_tahoe_lfc_heldout_molecules_fresh/expression/pert_prediction_tahoe_regression/CVCL_1724.heldout_molecules/2026-05-26T01-08-54.434472.json
CVCL_1724,heldout_molecules,knn_baseline_ecfp:2,knn,ecfp:2,L2,6.021345111913749,0.0023041923073619654,0.019748872544588236,0.31794392526747345,0.4409583906048969,benchmark/benchmark/submissions_tahoe_lfc_heldout_molecules_fresh/expression/pert_prediction_tahoe_regression/CVCL_1724.heldout_molecules/2026-05-26T01-09-38.423534.json
CVCL_1724,heldout_molecules,knn_baseline_erg,knn,erg,L2,6.044256413230563,0.002312046791562986,0.019846298660501725,0.3109100925417904,0.43383151731811803,benchmark/benchmark/submissions_tahoe_lfc_heldout_molecules_fresh/expression/pert_prediction_tahoe_regression/CVCL_1724.heldout_molecules/2026-05-26T01-09-27.263302.json
CVCL_1724,heldout_molecules,knn_baseline_maccs,knn,maccs,L2,6.031620907974931,0.0023062625046844096,0.01975553294323398,0.3193359154518893,0.43969901897563,benchmark/benchmark/submissions_tahoe_lfc_heldout_molecules_fresh/expression/pert_prediction_tahoe_regression/CVCL_1724.heldout_molecules/2026-05-26T01-09-15.057978.json
CVCL_1724,heldout_molecules,knn_baseline_morgan_initialized_lpm,knn,morgan_initialized_lpm,L2,6.074025888909243,0.002357609016158038,0.019879548231327936,0.3062224141566916,0.4179910688783001,benchmark/benchmark/submissions_tahoe_lfc_heldout_molecules_fresh/expression/pert_prediction_tahoe_regression/CVCL_1724.heldout_molecules/2026-05-26T01-08-38.663390.json
CVCL_1724,heldout_molecules,knn_baseline_pca,knn,pca,L2,4.306895443939294,0.001349993734014195,0.014633340404738324,0.5999133162287287,0.7704758521103878,benchmark/benchmark/submissions_tahoe_lfc_heldout_molecules_fresh/expression/pert_prediction_tahoe_regression/CVCL_1724.heldout_molecules/2026-05-26T01-08-43.502937.json
CVCL_1724,heldout_molecules,knn_baseline_random,knn,random,L2,6.093905824753766,0.002348242174165232,0.019958374860405834,0.29879140213478866,0.4176827236742157,benchmark/benchmark/submissions_tahoe_lfc_heldout_molecules_fresh/expression/pert_prediction_tahoe_regression/CVCL_1724.heldout_molecules/2026-05-26T01-08-39.213445.json
CVCL_1724,heldout_molecules,knn_baseline_secfp,knn,secfp,L2,6.049149511227643,0.002350760754515746,0.0197891141823539,0.31597285400240677,0.43345720556400413,benchmark/benchmark/submissions_tahoe_lfc_heldout_molecules_fresh/expression/pert_prediction_tahoe_regression/CVCL_1724.heldout_molecules/2026-05-26T01-09-24.202053.json
CVCL_1724,heldout_molecules,knn_baseline_topological,knn,topological,L2,6.040963921598393,0.002329932650927584,0.01977487793984845,0.31785550986066574,0.4363777161300086,benchmark/benchmark/submissions_tahoe_lfc_heldout_molecules_fresh/expression/pert_prediction_tahoe_regression/CVCL_1724.heldout_molecules/2026-05-26T01-09-17.720542.json
CVCL_1724,heldout_molecules,knn_baseline_unimol2-570m-H,knn,unimol2-570m-H,L2,6.076956144194055,0.002319629760346554,0.019915355496752968,0.30430100686032724,0.42381707198324337,benchmark/benchmark/submissions_tahoe_lfc_heldout_molecules_fresh/expression/pert_prediction_tahoe_regression/CVCL_1724.heldout_molecules/2026-05-26T01-10-02.571543.json
CVCL_1724,heldout_molecules,lasso_baseline_ChemBERTa-77M-MLM,lasso,ChemBERTa-77M-MLM,L2,6.039951606756663,0.002310719676808669,0.019794824090706053,0.3132328049204957,0.43715322077331353,benchmark/benchmark/submissions_tahoe_lfc_heldout_molecules_fresh/expression/pert_prediction_tahoe_regression/CVCL_1724.heldout_molecules/2026-05-26T01-09-05.102371.json
CVCL_1724,heldout_molecules,lasso_baseline_ChemBERTa-77M-MTR,lasso,ChemBERTa-77M-MTR,L2,6.043733506372152,0.002315498166136738,0.019800565037052877,0.31305307956823014,0.43597640013328826,benchmark/benchmark/submissions_tahoe_lfc_heldout_molecules_fresh/expression/pert_prediction_tahoe_regression/CVCL_1724.heldout_molecules/2026-05-26T01-09-04.561080.json
CVCL_1724,heldout_molecules,lasso_baseline_MiniMol,lasso,MiniMol,L2,6.024128747348471,0.002302454341429581,0.019768681103599556,0.3143934298329068,0.4423273169696641,benchmark/benchmark/submissions_tahoe_lfc_heldout_molecules_fresh/expression/pert_prediction_tahoe_regression/CVCL_1724.heldout_molecules/2026-05-26T01-09-27.003295.json
CVCL_1724,heldout_molecules,lasso_baseline_MolT5,lasso,MolT5,L2,6.041661311487996,0.002306716455967962,0.019800425364129157,0.3127609688142696,0.43489052657397914,benchmark/benchmark/submissions_tahoe_lfc_heldout_molecules_fresh/expression/pert_prediction_tahoe_regression/CVCL_1724.heldout_molecules/2026-05-26T01-09-45.267033.json
CVCL_1724,heldout_molecules,lasso_baseline_avalon,lasso,avalon,L2,6.037699644401456,0.002300040813778128,0.01978746146082374,0.3140827959076299,0.43673865363537484,benchmark/benchmark/submissions_tahoe_lfc_heldout_molecules_fresh/expression/pert_prediction_tahoe_regression/CVCL_1724.heldout_molecules/2026-05-26T01-09-53.768415.json
CVCL_1724,heldout_molecules,lasso_baseline_boltz_affinity_pred_value_fragment,lasso,boltz_affinity_pred_value_fragment,L2,6.0322142786308035,0.002308913013634017,0.019777243874386456,0.31490297710336956,0.44129166847946844,benchmark/benchmark/submissions_tahoe_lfc_heldout_molecules_fresh/expression/pert_prediction_tahoe_regression/CVCL_1724.heldout_molecules/2026-05-26T01-09-31.366535.json
CVCL_1724,heldout_molecules,lasso_baseline_boltz_affinity_pred_value_protein,lasso,boltz_affinity_pred_value_protein,L2,6.035297779765386,0.002310849169381547,0.019791567666398977,0.3139848646158159,0.4395106799046436,benchmark/benchmark/submissions_tahoe_lfc_heldout_molecules_fresh/expression/pert_prediction_tahoe_regression/CVCL_1724.heldout_molecules/2026-05-26T01-09-38.479602.json
CVCL_1724,heldout_molecules,lasso_baseline_chatgpt,lasso,chatgpt,L2,5.988158595273694,0.0022701287120392467,0.01970897155951365,0.3166457987509062,0.4512850771947024,benchmark/benchmark/submissions_tahoe_lfc_heldout_molecules_fresh/expression/pert_prediction_tahoe_regression/CVCL_1724.heldout_molecules/2026-05-26T01-09-06.883384.json
CVCL_1724,heldout_molecules,lasso_baseline_ecfp:2,lasso,ecfp:2,L2,6.0497586794129905,0.002317184657455926,0.019807422876644134,0.31293417321593137,0.4340933993279856,benchmark/benchmark/submissions_tahoe_lfc_heldout_molecules_fresh/expression/pert_prediction_tahoe_regression/CVCL_1724.heldout_molecules/2026-05-26T01-09-50.534154.json
CVCL_1724,heldout_molecules,lasso_baseline_erg,lasso,erg,L2,6.043733506372152,0.002315498166136738,0.019800565037052877,0.31305307956823014,0.43597640013328826,benchmark/benchmark/submissions_tahoe_lfc_heldout_molecules_fresh/expression/pert_prediction_tahoe_regression/CVCL_1724.heldout_molecules/2026-05-26T01-09-45.086885.json
CVCL_1724,heldout_molecules,lasso_baseline_maccs,lasso,maccs,L2,6.03824241277752,0.0023111906377800153,0.019794445096621364,0.3132779650569151,0.4382499845018247,benchmark/benchmark/submissions_tahoe_lfc_heldout_molecules_fresh/expression/pert_prediction_tahoe_regression/CVCL_1724.heldout_molecules/2026-05-26T01-09-30.308950.json
CVCL_1724,heldout_molecules,lasso_baseline_morgan_initialized_lpm,lasso,morgan_initialized_lpm,L2,6.124746200714442,0.002334684882311354,0.019828941517583,0.3141715173201033,0.40959560193611405,benchmark/benchmark/submissions_tahoe_lfc_heldout_molecules_fresh/expression/pert_prediction_tahoe_regression/CVCL_1724.heldout_molecules/2026-05-26T01-08-54.545264.json
CVCL_1724,heldout_molecules,lasso_baseline_pca,lasso,pca,L2,3.0812003078922423,0.0005508895963085669,0.011747342135464096,0.6443734263542412,0.8668980039410851,benchmark/benchmark/submissions_tahoe_lfc_heldout_molecules_fresh/expression/pert_prediction_tahoe_regression/CVCL_1724.heldout_molecules/2026-05-26T01-09-05.266191.json
CVCL_1724,heldout_molecules,lasso_baseline_random,lasso,random,L2,6.043733506372152,0.002315498166136738,0.019800565037052877,0.31305307956823014,0.43597640013328826,benchmark/benchmark/submissions_tahoe_lfc_heldout_molecules_fresh/expression/pert_prediction_tahoe_regression/CVCL_1724.heldout_molecules/2026-05-26T01-08-55.426658.json
CVCL_1724,heldout_molecules,lasso_baseline_secfp,lasso,secfp,L2,6.04249239473324,0.0023117771361827687,0.01979728259224644,0.313060897882464,0.43669035428810155,benchmark/benchmark/submissions_tahoe_lfc_heldout_molecules_fresh/expression/pert_prediction_tahoe_regression/CVCL_1724.heldout_molecules/2026-05-26T01-09-40.859917.json
CVCL_1724,heldout_molecules,lasso_baseline_topological,lasso,topological,L2,6.047940984963378,0.002313207520849676,0.019803079436687868,0.31302915462394365,0.43453356252804604,benchmark/benchmark/submissions_tahoe_lfc_heldout_molecules_fresh/expression/pert_prediction_tahoe_regression/CVCL_1724.heldout_molecules/2026-05-26T01-09-31.835108.json
CVCL_1724,heldout_molecules,lasso_baseline_unimol2-570m-H,lasso,unimol2-570m-H,L2,6.0430924043882515,0.002315015492731773,0.019800285413693178,0.3130534755422404,0.4361127066904058,benchmark/benchmark/submissions_tahoe_lfc_heldout_molecules_fresh/expression/pert_prediction_tahoe_regression/CVCL_1724.heldout_molecules/2026-05-26T01-10-14.115115.json
CVCL_1731,heldout_molecules,knn_baseline_ChemBERTa-77M-MLM,knn,ChemBERTa-77M-MLM,L2,5.552231552692653,0.001960612377760859,0.01782930229472746,0.3242246134755232,0.42535032305967246,benchmark/benchmark/submissions_tahoe_lfc_heldout_molecules_fresh/expression/pert_prediction_tahoe_regression/CVCL_1731.heldout_molecules/2026-05-26T01-10-08.487162.json
CVCL_1731,heldout_molecules,knn_baseline_ChemBERTa-77M-MTR,knn,ChemBERTa-77M-MTR,L2,5.479695372020248,0.0019325017439502142,0.017590907156317278,0.34456110593186823,0.4506694125417694,benchmark/benchmark/submissions_tahoe_lfc_heldout_molecules_fresh/expression/pert_prediction_tahoe_regression/CVCL_1731.heldout_molecules/2026-05-26T01-10-08.189240.json
CVCL_1731,heldout_molecules,knn_baseline_MiniMol,knn,MiniMol,L2,5.41654139445845,0.0018941223114730375,0.017421149426941965,0.3606170208877779,0.47178038110729537,benchmark/benchmark/submissions_tahoe_lfc_heldout_molecules_fresh/expression/pert_prediction_tahoe_regression/CVCL_1731.heldout_molecules/2026-05-26T01-10-24.533861.json
CVCL_1731,heldout_molecules,knn_baseline_MolT5,knn,MolT5,L2,5.544595104238915,0.0019576281060196183,0.01777393816179453,0.3309430630861862,0.42867913998177737,benchmark/benchmark/submissions_tahoe_lfc_heldout_molecules_fresh/expression/pert_prediction_tahoe_regression/CVCL_1731.heldout_molecules/2026-05-26T01-10-53.042500.json
CVCL_1731,heldout_molecules,knn_baseline_avalon,knn,avalon,L2,5.464349543361926,0.0019437670261240995,0.017537222144926094,0.34890402818222993,0.45470796500051963,benchmark/benchmark/submissions_tahoe_lfc_heldout_molecules_fresh/expression/pert_prediction_tahoe_regression/CVCL_1731.heldout_molecules/2026-05-26T01-10-54.894767.json
CVCL_1731,heldout_molecules,knn_baseline_boltz_affinity_pred_value_fragment,knn,boltz_affinity_pred_value_fragment,L2,5.464893589398132,0.0019185462341822607,0.017544575419391358,0.35227345950643085,0.45841995942976826,benchmark/benchmark/submissions_tahoe_lfc_heldout_molecules_fresh/expression/pert_prediction_tahoe_regression/CVCL_1731.heldout_molecules/2026-05-26T01-10-47.438735.json
CVCL_1731,heldout_molecules,knn_baseline_boltz_affinity_pred_value_protein,knn,boltz_affinity_pred_value_protein,L2,5.480105077383548,0.0019355212052203305,0.01759770458909918,0.34756932066275814,0.45333664766115966,benchmark/benchmark/submissions_tahoe_lfc_heldout_molecules_fresh/expression/pert_prediction_tahoe_regression/CVCL_1731.heldout_molecules/2026-05-26T01-10-47.562492.json
CVCL_1731,heldout_molecules,knn_baseline_chatgpt,knn,chatgpt,L2,5.504785634237447,0.0019294025030721631,0.01773537955465333,0.33118422491688665,0.44279927865990915,benchmark/benchmark/submissions_tahoe_lfc_heldout_molecules_fresh/expression/pert_prediction_tahoe_regression/CVCL_1731.heldout_molecules/2026-05-26T01-10-13.704387.json
CVCL_1731,heldout_molecules,knn_baseline_ecfp:2,knn,ecfp:2,L2,5.464325150100413,0.0019355810054219314,0.017547401478006163,0.3481921260600186,0.45619287882473597,benchmark/benchmark/submissions_tahoe_lfc_heldout_molecules_fresh/expression/pert_prediction_tahoe_regression/CVCL_1731.heldout_molecules/2026-05-26T01-10-59.127626.json
CVCL_1731,heldout_molecules,knn_baseline_erg,knn,erg,L2,5.475046425443934,0.0019344448372713942,0.017597754086073423,0.34459716199642,0.450652350407872,benchmark/benchmark/submissions_tahoe_lfc_heldout_molecules_fresh/expression/pert_prediction_tahoe_regression/CVCL_1731.heldout_molecules/2026-05-26T01-10-46.561764.json
CVCL_1731,heldout_molecules,knn_baseline_maccs,knn,maccs,L2,5.479916283062002,0.0019389691866387765,0.017591669741532565,0.34543519400954253,0.4498424130479236,benchmark/benchmark/submissions_tahoe_lfc_heldout_molecules_fresh/expression/pert_prediction_tahoe_regression/CVCL_1731.heldout_molecules/2026-05-26T01-10-18.873104.json
CVCL_1731,heldout_molecules,knn_baseline_morgan_initialized_lpm,knn,morgan_initialized_lpm,L2,5.469250954044099,0.0019505659422402123,0.01756215894608558,0.3454441595193268,0.44865996610552833,benchmark/benchmark/submissions_tahoe_lfc_heldout_molecules_fresh/expression/pert_prediction_tahoe_regression/CVCL_1731.heldout_molecules/2026-05-26T01-10-02.750105.json
CVCL_1731,heldout_molecules,knn_baseline_pca,knn,pca,L2,3.788925748919079,0.0010832822993643836,0.012572396390408675,0.6246165281174918,0.7818598667013621,benchmark/benchmark/submissions_tahoe_lfc_heldout_molecules_fresh/expression/pert_prediction_tahoe_regression/CVCL_1731.heldout_molecules/2026-05-26T01-10-02.458756.json
CVCL_1731,heldout_molecules,knn_baseline_random,knn,random,L2,5.480182150944323,0.0019370173094230827,0.017582054020542196,0.3440531093082651,0.4495298708356097,benchmark/benchmark/submissions_tahoe_lfc_heldout_molecules_fresh/expression/pert_prediction_tahoe_regression/CVCL_1731.heldout_molecules/2026-05-26T01-10-02.272485.json
CVCL_1731,heldout_molecules,knn_baseline_secfp,knn,secfp,L2,5.470194367601728,0.0019599777941284703,0.01755298225653865,0.34873112011316854,0.4572579895588096,benchmark/benchmark/submissions_tahoe_lfc_heldout_molecules_fresh/expression/pert_prediction_tahoe_regression/CVCL_1731.heldout_molecules/2026-05-26T01-10-48.447300.json
CVCL_1731,heldout_molecules,knn_baseline_topological,knn,topological,L2,5.477305081794286,0.0019509803457496094,0.017577428571425423,0.34586030303554954,0.45197680232571047,benchmark/benchmark/submissions_tahoe_lfc_heldout_molecules_fresh/expression/pert_prediction_tahoe_regression/CVCL_1731.heldout_molecules/2026-05-26T01-10-23.667214.json
CVCL_1731,heldout_molecules,knn_baseline_unimol2-570m-H,knn,unimol2-570m-H,L2,5.51864138355539,0.0019471712530172163,0.017714743088528107,0.334359003607253,0.43704947013249473,benchmark/benchmark/submissions_tahoe_lfc_heldout_molecules_fresh/expression/pert_prediction_tahoe_regression/CVCL_1731.heldout_molecules/2026-05-26T01-11-05.506150.json
CVCL_1731,heldout_molecules,lasso_baseline_ChemBERTa-77M-MLM,lasso,ChemBERTa-77M-MLM,L2,5.476409971053067,0.0019337885181870615,0.017575352745674348,0.3454076025737388,0.4505678442796694,benchmark/benchmark/submissions_tahoe_lfc_heldout_molecules_fresh/expression/pert_prediction_tahoe_regression/CVCL_1731.heldout_molecules/2026-05-26T01-10-24.185577.json
CVCL_1731,heldout_molecules,lasso_baseline_ChemBERTa-77M-MTR,lasso,ChemBERTa-77M-MTR,L2,5.4679644208470926,0.0019293836284507203,0.017564648656560575,0.3457525858887063,0.45411991494336457,benchmark/benchmark/submissions_tahoe_lfc_heldout_molecules_fresh/expression/pert_prediction_tahoe_regression/CVCL_1731.heldout_molecules/2026-05-26T01-10-24.023856.json
CVCL_1731,heldout_molecules,lasso_baseline_MiniMol,lasso,MiniMol,L2,5.457474008339027,0.0019227776508725619,0.01755043780736505,0.34632214541670175,0.45785952993833606,benchmark/benchmark/submissions_tahoe_lfc_heldout_molecules_fresh/expression/pert_prediction_tahoe_regression/CVCL_1731.heldout_molecules/2026-05-26T01-10-37.871335.json
CVCL_1731,heldout_molecules,lasso_baseline_MolT5,lasso,MolT5,L2,5.483706853593037,0.0019342620071965842,0.01759014651487943,0.34466875459340496,0.44792174897461007,benchmark/benchmark/submissions_tahoe_lfc_heldout_molecules_fresh/expression/pert_prediction_tahoe_regression/CVCL_1731.heldout_molecules/2026-05-26T01-11-06.545759.json
CVCL_1731,heldout_molecules,lasso_baseline_avalon,lasso,avalon,L2,5.4756599931074925,0.0019264251651570396,0.017581249187969647,0.34540976022299386,0.4504464188849996,benchmark/benchmark/submissions_tahoe_lfc_heldout_molecules_fresh/expression/pert_prediction_tahoe_regression/CVCL_1731.heldout_molecules/2026-05-26T01-11-11.959294.json
CVCL_1731,heldout_molecules,lasso_baseline_boltz_affinity_pred_value_fragment,lasso,boltz_affinity_pred_value_fragment,L2,5.472623431759522,0.0019340603395231906,0.01757042630966257,0.3455828186209996,0.4523480593710867,benchmark/benchmark/submissions_tahoe_lfc_heldout_molecules_fresh/expression/pert_prediction_tahoe_regression/CVCL_1731.heldout_molecules/2026-05-26T01-11-02.549437.json
CVCL_1731,heldout_molecules,lasso_baseline_boltz_affinity_pred_value_protein,lasso,boltz_affinity_pred_value_protein,L2,5.458657233524385,0.0019259731622798828,0.017552303658433407,0.34730357137702605,0.4594672633929089,benchmark/benchmark/submissions_tahoe_lfc_heldout_molecules_fresh/expression/pert_prediction_tahoe_regression/CVCL_1731.heldout_molecules/2026-05-26T01-11-02.210513.json
CVCL_1731,heldout_molecules,lasso_baseline_chatgpt,lasso,chatgpt,L2,5.441435418690455,0.0019115104049374826,0.01751284482868367,0.3474859445248035,0.46172470958663153,benchmark/benchmark/submissions_tahoe_lfc_heldout_molecules_fresh/expression/pert_prediction_tahoe_regression/CVCL_1731.heldout_molecules/2026-05-26T01-10-26.751183.json
CVCL_1731,heldout_molecules,lasso_baseline_ecfp:2,lasso,ecfp:2,L2,5.484450115658163,0.0019397212014677849,0.01758714659898752,0.3450522986189553,0.44832924143933617,benchmark/benchmark/submissions_tahoe_lfc_heldout_molecules_fresh/expression/pert_prediction_tahoe_regression/CVCL_1731.heldout_molecules/2026-05-26T01-11-12.832332.json
CVCL_1731,heldout_molecules,lasso_baseline_erg,lasso,erg,L2,5.475190088857687,0.001935658267290392,0.01757247596813621,0.34553573898172113,0.4513572392439057,benchmark/benchmark/submissions_tahoe_lfc_heldout_molecules_fresh/expression/pert_prediction_tahoe_regression/CVCL_1731.heldout_molecules/2026-05-26T01-11-02.177809.json
CVCL_1731,heldout_molecules,lasso_baseline_maccs,lasso,maccs,L2,5.474261786163954,0.0019343285749874738,0.017573109942519954,0.3454580813819405,0.45164404609472886,benchmark/benchmark/submissions_tahoe_lfc_heldout_molecules_fresh/expression/pert_prediction_tahoe_regression/CVCL_1731.heldout_molecules/2026-05-26T01-10-34.309323.json
CVCL_1731,heldout_molecules,lasso_baseline_morgan_initialized_lpm,lasso,morgan_initialized_lpm,L2,5.536577960791685,0.0019366017281748304,0.017622023331225038,0.34674826630809585,0.43564031737410935,benchmark/benchmark/submissions_tahoe_lfc_heldout_molecules_fresh/expression/pert_prediction_tahoe_regression/CVCL_1731.heldout_molecules/2026-05-26T01-10-16.450319.json
CVCL_1731,heldout_molecules,lasso_baseline_pca,lasso,pca,L2,2.646209040708909,0.00044472964051066365,0.009945179624276256,0.6701664178590709,0.8867166410161285,benchmark/benchmark/submissions_tahoe_lfc_heldout_molecules_fresh/expression/pert_prediction_tahoe_regression/CVCL_1731.heldout_molecules/2026-05-26T01-10-20.839519.json
CVCL_1731,heldout_molecules,lasso_baseline_random,lasso,random,L2,5.475190088857687,0.001935658267290392,0.01757247596813621,0.34553573898172113,0.4513572392439057,benchmark/benchmark/submissions_tahoe_lfc_heldout_molecules_fresh/expression/pert_prediction_tahoe_regression/CVCL_1731.heldout_molecules/2026-05-26T01-10-16.361211.json
CVCL_1731,heldout_molecules,lasso_baseline_secfp,lasso,secfp,L2,5.609876850689462,0.0019686446040564996,0.017872675380034564,0.3379783961495995,0.4189985001503422,benchmark/benchmark/submissions_tahoe_lfc_heldout_molecules_fresh/expression/pert_prediction_tahoe_regression/CVCL_1731.heldout_molecules/2026-05-26T01-11-03.251865.json
CVCL_1731,heldout_molecules,lasso_baseline_topological,lasso,topological,L2,5.475257820367828,0.0019307797622340832,0.017575787011497163,0.34531891127636183,0.4515506274898245,benchmark/benchmark/submissions_tahoe_lfc_heldout_molecules_fresh/expression/pert_prediction_tahoe_regression/CVCL_1731.heldout_molecules/2026-05-26T01-10-38.002233.json
CVCL_1731,heldout_molecules,lasso_baseline_unimol2-570m-H,lasso,unimol2-570m-H,L2,5.474871911906398,0.001935347582706024,0.017572066709545496,0.34555083754834687,0.45148471404429674,benchmark/benchmark/submissions_tahoe_lfc_heldout_molecules_fresh/expression/pert_prediction_tahoe_regression/CVCL_1731.heldout_molecules/2026-05-26T01-11-20.381710.json
CVCL_C466,heldout_molecules,knn_baseline_ChemBERTa-77M-MLM,knn,ChemBERTa-77M-MLM,L2,5.791574278626717,0.002084819070660631,0.01757864855671577,0.2897304570275714,0.3926450379564256,benchmark/benchmark/submissions_tahoe_lfc_heldout_molecules_fresh/expression/pert_prediction_tahoe_regression/CVCL_C466.heldout_molecules/2026-05-26T01-11-33.782208.json
CVCL_C466,heldout_molecules,knn_baseline_ChemBERTa-77M-MTR,knn,ChemBERTa-77M-MTR,L2,5.715311126583048,0.00204487531085241,0.01731649572149351,0.3090620749381422,0.4153897840397113,benchmark/benchmark/submissions_tahoe_lfc_heldout_molecules_fresh/expression/pert_prediction_tahoe_regression/CVCL_C466.heldout_molecules/2026-05-26T01-11-33.613183.json
CVCL_C466,heldout_molecules,knn_baseline_MiniMol,knn,MiniMol,L2,5.668357376118843,0.0020189930997216218,0.017181600040673754,0.324077359183463,0.43196679061832566,benchmark/benchmark/submissions_tahoe_lfc_heldout_molecules_fresh/expression/pert_prediction_tahoe_regression/CVCL_C466.heldout_molecules/2026-05-26T01-11-44.287473.json
CVCL_C466,heldout_molecules,knn_baseline_MolT5,knn,MolT5,L2,5.783826414290775,0.002082054895580224,0.01751140543912111,0.2966406205162605,0.39462439850162007,benchmark/benchmark/submissions_tahoe_lfc_heldout_molecules_fresh/expression/pert_prediction_tahoe_regression/CVCL_C466.heldout_molecules/2026-05-26T01-12-23.276339.json
CVCL_C466,heldout_molecules,knn_baseline_avalon,knn,avalon,L2,5.728776788146557,0.002073475661066737,0.017316645014424547,0.3099268930918576,0.40688679025571767,benchmark/benchmark/submissions_tahoe_lfc_heldout_molecules_fresh/expression/pert_prediction_tahoe_regression/CVCL_C466.heldout_molecules/2026-05-26T01-12-24.422631.json
CVCL_C466,heldout_molecules,knn_baseline_boltz_affinity_pred_value_fragment,knn,boltz_affinity_pred_value_fragment,L2,5.707885782547951,0.0020351662985181674,0.017285779139668736,0.3168468401585468,0.42008876696391595,benchmark/benchmark/submissions_tahoe_lfc_heldout_molecules_fresh/expression/pert_prediction_tahoe_regression/CVCL_C466.heldout_molecules/2026-05-26T01-11-50.319125.json
CVCL_C466,heldout_molecules,knn_baseline_boltz_affinity_pred_value_protein,knn,boltz_affinity_pred_value_protein,L2,5.7283610555033295,0.0020586384353964717,0.017349101375904886,0.3119987979320471,0.4122487780537404,benchmark/benchmark/submissions_tahoe_lfc_heldout_molecules_fresh/expression/pert_prediction_tahoe_regression/CVCL_C466.heldout_molecules/2026-05-26T01-11-54.651563.json
CVCL_C466,heldout_molecules,knn_baseline_chatgpt,knn,chatgpt,L2,5.738286110434705,0.0020480530802152257,0.017482842992052366,0.29445096268100424,0.41168596733476287,benchmark/benchmark/submissions_tahoe_lfc_heldout_molecules_fresh/expression/pert_prediction_tahoe_regression/CVCL_C466.heldout_molecules/2026-05-26T01-11-34.222684.json
CVCL_C466,heldout_molecules,knn_baseline_ecfp:2,knn,ecfp:2,L2,5.70156178995071,0.0020611028171874653,0.01725565137342373,0.31231509956466624,0.418592285672378,benchmark/benchmark/submissions_tahoe_lfc_heldout_molecules_fresh/expression/pert_prediction_tahoe_regression/CVCL_C466.heldout_molecules/2026-05-26T01-12-23.933580.json
CVCL_C466,heldout_molecules,knn_baseline_erg,knn,erg,L2,5.715065221894064,0.0020557391307411054,0.017315097728392046,0.3102628383321324,0.4125000683061736,benchmark/benchmark/submissions_tahoe_lfc_heldout_molecules_fresh/expression/pert_prediction_tahoe_regression/CVCL_C466.heldout_molecules/2026-05-26T01-12-22.089467.json
CVCL_C466,heldout_molecules,knn_baseline_maccs,knn,maccs,L2,5.719665430877434,0.002060426808614139,0.017324938824085694,0.3098686822730056,0.41106692627305674,benchmark/benchmark/submissions_tahoe_lfc_heldout_molecules_fresh/expression/pert_prediction_tahoe_regression/CVCL_C466.heldout_molecules/2026-05-26T01-11-38.831012.json
CVCL_C466,heldout_molecules,knn_baseline_morgan_initialized_lpm,knn,morgan_initialized_lpm,L2,5.716548401306977,0.002074414259803703,0.017285001669622196,0.3113230542264855,0.40543522189614645,benchmark/benchmark/submissions_tahoe_lfc_heldout_molecules_fresh/expression/pert_prediction_tahoe_regression/CVCL_C466.heldout_molecules/2026-05-26T01-11-08.242849.json
CVCL_C466,heldout_molecules,knn_baseline_pca,knn,pca,L2,3.8828486519905767,0.0011398318586532976,0.012463930462847297,0.6065139138947198,0.794318311446502,benchmark/benchmark/submissions_tahoe_lfc_heldout_molecules_fresh/expression/pert_prediction_tahoe_regression/CVCL_C466.heldout_molecules/2026-05-26T01-11-33.060247.json
CVCL_C466,heldout_molecules,knn_baseline_random,knn,random,L2,5.749753195133621,0.002074816609488395,0.017405375191637394,0.30122023708506535,0.40145781303418415,benchmark/benchmark/submissions_tahoe_lfc_heldout_molecules_fresh/expression/pert_prediction_tahoe_regression/CVCL_C466.heldout_molecules/2026-05-26T01-11-09.008327.json
CVCL_C466,heldout_molecules,knn_baseline_secfp,knn,secfp,L2,5.702453907068776,0.002068220236665646,0.017235498314793575,0.31444017344969566,0.41729403280428756,benchmark/benchmark/submissions_tahoe_lfc_heldout_molecules_fresh/expression/pert_prediction_tahoe_regression/CVCL_C466.heldout_molecules/2026-05-26T01-11-57.408852.json
CVCL_C466,heldout_molecules,knn_baseline_topological,knn,topological,L2,5.710262374096536,0.002064850738430177,0.017276268060500925,0.31307394541428224,0.4136808982124217,benchmark/benchmark/submissions_tahoe_lfc_heldout_molecules_fresh/expression/pert_prediction_tahoe_regression/CVCL_C466.heldout_molecules/2026-05-26T01-11-40.956937.json
CVCL_C466,heldout_molecules,knn_baseline_unimol2-570m-H,knn,unimol2-570m-H,L2,5.7607312383387,0.00206894831397043,0.0174645848571001,0.30017074486709294,0.3994541907826584,benchmark/benchmark/submissions_tahoe_lfc_heldout_molecules_fresh/expression/pert_prediction_tahoe_regression/CVCL_C466.heldout_molecules/2026-05-26T01-12-28.089572.json
CVCL_C466,heldout_molecules,lasso_baseline_ChemBERTa-77M-MLM,lasso,ChemBERTa-77M-MLM,L2,5.7144286674361116,0.002051504613893127,0.017309869668993498,0.30906234604150556,0.41479643142611283,benchmark/benchmark/submissions_tahoe_lfc_heldout_molecules_fresh/expression/pert_prediction_tahoe_regression/CVCL_C466.heldout_molecules/2026-05-26T01-11-48.230963.json
CVCL_C466,heldout_molecules,lasso_baseline_ChemBERTa-77M-MTR,lasso,ChemBERTa-77M-MTR,L2,5.712212866170518,0.0020525208306690153,0.017306664324758837,0.30901197611013503,0.4160326861888242,benchmark/benchmark/submissions_tahoe_lfc_heldout_molecules_fresh/expression/pert_prediction_tahoe_regression/CVCL_C466.heldout_molecules/2026-05-26T01-11-48.158764.json
CVCL_C466,heldout_molecules,lasso_baseline_MiniMol,lasso,MiniMol,L2,5.694481589568684,0.0020396538592023553,0.017283845544769156,0.30963459333168514,0.4215823406647701,benchmark/benchmark/submissions_tahoe_lfc_heldout_molecules_fresh/expression/pert_prediction_tahoe_regression/CVCL_C466.heldout_molecules/2026-05-26T01-11-58.738829.json
CVCL_C466,heldout_molecules,lasso_baseline_MolT5,lasso,MolT5,L2,5.729715968047739,0.0020575863410595974,0.017331094081900665,0.30845731239536933,0.4094155767825095,benchmark/benchmark/submissions_tahoe_lfc_heldout_molecules_fresh/expression/pert_prediction_tahoe_regression/CVCL_C466.heldout_molecules/2026-05-26T01-12-33.703970.json
CVCL_C466,heldout_molecules,lasso_baseline_avalon,lasso,avalon,L2,5.730679899249398,0.002052183153295431,0.01733133240348076,0.3096501036148319,0.409576092883341,benchmark/benchmark/submissions_tahoe_lfc_heldout_molecules_fresh/expression/pert_prediction_tahoe_regression/CVCL_C466.heldout_molecules/2026-05-26T01-12-37.982730.json
CVCL_C466,heldout_molecules,lasso_baseline_boltz_affinity_pred_value_fragment,lasso,boltz_affinity_pred_value_fragment,L2,5.708862710801293,0.002050468313825998,0.017303872925043897,0.309083661022703,0.41706389761021995,benchmark/benchmark/submissions_tahoe_lfc_heldout_molecules_fresh/expression/pert_prediction_tahoe_regression/CVCL_C466.heldout_molecules/2026-05-26T01-12-07.458229.json
CVCL_C466,heldout_molecules,lasso_baseline_boltz_affinity_pred_value_protein,lasso,boltz_affinity_pred_value_protein,L2,5.693300818575051,0.0020415423478962916,0.017273966552095746,0.310261927935366,0.42148053530079904,benchmark/benchmark/submissions_tahoe_lfc_heldout_molecules_fresh/expression/pert_prediction_tahoe_regression/CVCL_C466.heldout_molecules/2026-05-26T01-12-09.748846.json
CVCL_C466,heldout_molecules,lasso_baseline_chatgpt,lasso,chatgpt,L2,5.68212856069285,0.0020286241578517518,0.01725145717043686,0.3119429248020782,0.4258225173700873,benchmark/benchmark/submissions_tahoe_lfc_heldout_molecules_fresh/expression/pert_prediction_tahoe_regression/CVCL_C466.heldout_molecules/2026-05-26T01-11-46.088401.json
CVCL_C466,heldout_molecules,lasso_baseline_ecfp:2,lasso,ecfp:2,L2,5.7291482806011045,0.0020614239258471938,0.017331467912879837,0.3087045287076704,0.41110659704490776,benchmark/benchmark/submissions_tahoe_lfc_heldout_molecules_fresh/expression/pert_prediction_tahoe_regression/CVCL_C466.heldout_molecules/2026-05-26T01-12-33.238846.json
CVCL_C466,heldout_molecules,lasso_baseline_erg,lasso,erg,L2,5.712212866170518,0.0020525208306690153,0.017306664324758837,0.30901197611013503,0.4160326861888242,benchmark/benchmark/submissions_tahoe_lfc_heldout_molecules_fresh/expression/pert_prediction_tahoe_regression/CVCL_C466.heldout_molecules/2026-05-26T01-12-36.336369.json
CVCL_C466,heldout_molecules,lasso_baseline_maccs,lasso,maccs,L2,5.712212866170518,0.0020525208306690153,0.017306664324758837,0.30901197611013503,0.4160326861888242,benchmark/benchmark/submissions_tahoe_lfc_heldout_molecules_fresh/expression/pert_prediction_tahoe_regression/CVCL_C466.heldout_molecules/2026-05-26T01-11-54.864417.json
CVCL_C466,heldout_molecules,lasso_baseline_morgan_initialized_lpm,lasso,morgan_initialized_lpm,L2,5.8400975947072356,0.002085371590816148,0.017442140141582907,0.3094515314711113,0.3871409210138425,benchmark/benchmark/submissions_tahoe_lfc_heldout_molecules_fresh/expression/pert_prediction_tahoe_regression/CVCL_C466.heldout_molecules/2026-05-26T01-11-22.667909.json
CVCL_C466,heldout_molecules,lasso_baseline_pca,lasso,pca,L2,2.6791607567576006,0.00042078404398206273,0.00992001570966446,0.644084973933746,0.892182825848983,benchmark/benchmark/submissions_tahoe_lfc_heldout_molecules_fresh/expression/pert_prediction_tahoe_regression/CVCL_C466.heldout_molecules/2026-05-26T01-11-52.408366.json
CVCL_C466,heldout_molecules,lasso_baseline_random,lasso,random,L2,5.712212866170518,0.0020525208306690153,0.017306664324758837,0.30901197611013503,0.4160326861888242,benchmark/benchmark/submissions_tahoe_lfc_heldout_molecules_fresh/expression/pert_prediction_tahoe_regression/CVCL_C466.heldout_molecules/2026-05-26T01-11-24.980762.json
CVCL_C466,heldout_molecules,lasso_baseline_secfp,lasso,secfp,L2,5.714664136336723,0.0020527708553512566,0.017310000300881076,0.3091190327784465,0.41490832989240517,benchmark/benchmark/submissions_tahoe_lfc_heldout_molecules_fresh/expression/pert_prediction_tahoe_regression/CVCL_C466.heldout_molecules/2026-05-26T01-12-13.918249.json
CVCL_C466,heldout_molecules,lasso_baseline_topological,lasso,topological,L2,5.721275263959764,0.0020514186294060526,0.017318332308498278,0.3090860706606621,0.41376940863931494,benchmark/benchmark/submissions_tahoe_lfc_heldout_molecules_fresh/expression/pert_prediction_tahoe_regression/CVCL_C466.heldout_molecules/2026-05-26T01-11-57.299147.json
CVCL_C466,heldout_molecules,lasso_baseline_unimol2-570m-H,lasso,unimol2-570m-H,L2,5.7118249093638385,0.0020521881421835552,0.01730635804567943,0.309029468850095,0.41614736536759633,benchmark/benchmark/submissions_tahoe_lfc_heldout_molecules_fresh/expression/pert_prediction_tahoe_regression/CVCL_C466.heldout_molecules/2026-05-26T01-12-40.580500.json
